// Bound.+Viterna
// Re = 1.00E+05
// (alpha_deg cl cd)
(-180.00 -0.4621 -0.0316)
(-179.50 -0.4621 -0.0316)
(-179.00 -0.2144 -0.0313)
(-178.50 -0.1244 -0.0308)
(-178.00 -0.0739 -0.0301)
(-177.50 -0.0391 -0.0292)
(-177.00 -0.0123 -0.0282)
(-176.50 0.0100 -0.0269)
(-176.00 0.0295 -0.0254)
(-175.50 0.0470 -0.0238)
(-175.00 0.0632 -0.0219)
(-174.50 0.0785 -0.0199)
(-174.00 0.0930 -0.0176)
(-173.50 0.1068 -0.0152)
(-173.00 0.1202 -0.0126)
(-172.50 0.1333 -0.0098)
(-172.00 0.1459 -0.0068)
(-171.50 0.1583 -0.0036)
(-171.00 0.1705 -0.0002)
(-170.50 0.1824 0.0034)
(-170.00 0.1941 0.0071)
(-169.50 0.2057 0.0110)
(-169.00 0.2170 0.0151)
(-168.50 0.2282 0.0194)
(-168.00 0.2393 0.0239)
(-167.50 0.2502 0.0286)
(-167.00 0.2609 0.0334)
(-166.50 0.2716 0.0384)
(-166.00 0.2820 0.0436)
(-165.50 0.2924 0.0490)
(-165.00 0.3026 0.0545)
(-164.50 0.3127 0.0602)
(-164.00 0.3227 0.0660)
(-163.50 0.3325 0.0721)
(-163.00 0.3422 0.0783)
(-162.50 0.3517 0.0846)
(-162.00 0.3612 0.0912)
(-161.50 0.3704 0.0978)
(-161.00 0.3796 0.1047)
(-160.50 0.3886 0.1117)
(-160.00 0.3975 0.1188)
(-159.50 0.4063 0.1261)
(-159.00 0.4149 0.1335)
(-158.50 0.4233 0.1411)
(-158.00 0.4316 0.1489)
(-157.50 0.4398 0.1567)
(-157.00 0.4478 0.1647)
(-156.50 0.4557 0.1729)
(-156.00 0.4634 0.1812)
(-155.50 0.4710 0.1896)
(-155.00 0.4784 0.1981)
(-154.50 0.4857 0.2068)
(-154.00 0.4928 0.2156)
(-153.50 0.4997 0.2245)
(-153.00 0.5065 0.2335)
(-152.50 0.5131 0.2427)
(-152.00 0.5196 0.2519)
(-151.50 0.5259 0.2613)
(-151.00 0.5320 0.2708)
(-150.50 0.5379 0.2804)
(-150.00 0.5437 0.2901)
(-149.50 0.5493 0.2999)
(-149.00 0.5548 0.3097)
(-148.50 0.5600 0.3197)
(-148.00 0.5651 0.3298)
(-147.50 0.5700 0.3399)
(-147.00 0.5748 0.3502)
(-146.50 0.5793 0.3605)
(-146.00 0.5837 0.3709)
(-145.50 0.5879 0.3813)
(-145.00 0.5919 0.3919)
(-144.50 0.5957 0.4025)
(-144.00 0.5993 0.4131)
(-143.50 0.6028 0.4239)
(-143.00 0.6060 0.4347)
(-142.50 0.6091 0.4455)
(-142.00 0.6120 0.4564)
(-141.50 0.6147 0.4674)
(-141.00 0.6172 0.4784)
(-140.50 0.6195 0.4894)
(-140.00 0.6216 0.5005)
(-139.50 0.6235 0.5116)
(-139.00 0.6252 0.5227)
(-138.50 0.6268 0.5339)
(-138.00 0.6281 0.5451)
(-137.50 0.6293 0.5563)
(-137.00 0.6302 0.5675)
(-136.50 0.6310 0.5788)
(-136.00 0.6315 0.5901)
(-135.50 0.6319 0.6013)
(-135.00 0.6321 0.6126)
(-134.50 0.6321 0.6239)
(-134.00 0.6318 0.6352)
(-133.50 0.6314 0.6464)
(-133.00 0.6308 0.6577)
(-132.50 0.6300 0.6689)
(-132.00 0.6290 0.6802)
(-131.50 0.6278 0.6914)
(-131.00 0.6265 0.7026)
(-130.50 0.6249 0.7138)
(-130.00 0.6231 0.7249)
(-129.50 0.6212 0.7360)
(-129.00 0.6190 0.7471)
(-128.50 0.6167 0.7581)
(-128.00 0.6142 0.7691)
(-127.50 0.6114 0.7801)
(-127.00 0.6085 0.7910)
(-126.50 0.6054 0.8018)
(-126.00 0.6022 0.8126)
(-125.50 0.5987 0.8233)
(-125.00 0.5950 0.8340)
(-124.50 0.5912 0.8446)
(-124.00 0.5872 0.8552)
(-123.50 0.5830 0.8656)
(-123.00 0.5786 0.8760)
(-122.50 0.5741 0.8863)
(-122.00 0.5694 0.8966)
(-121.50 0.5645 0.9067)
(-121.00 0.5594 0.9168)
(-120.50 0.5541 0.9268)
(-120.00 0.5487 0.9367)
(-119.50 0.5432 0.9465)
(-119.00 0.5374 0.9561)
(-118.50 0.5315 0.9657)
(-118.00 0.5254 0.9752)
(-117.50 0.5192 0.9846)
(-117.00 0.5128 0.9939)
(-116.50 0.5062 1.0030)
(-116.00 0.4995 1.0121)
(-115.50 0.4926 1.0210)
(-115.00 0.4856 1.0298)
(-114.50 0.4785 1.0385)
(-114.00 0.4711 1.0470)
(-113.50 0.4637 1.0554)
(-113.00 0.4561 1.0637)
(-112.50 0.4484 1.0719)
(-112.00 0.4405 1.0799)
(-111.50 0.4325 1.0878)
(-111.00 0.4243 1.0955)
(-110.50 0.4161 1.1031)
(-110.00 0.4077 1.1106)
(-109.50 0.3991 1.1179)
(-109.00 0.3905 1.1251)
(-108.50 0.3817 1.1321)
(-108.00 0.3728 1.1389)
(-107.50 0.3638 1.1456)
(-107.00 0.3547 1.1522)
(-106.50 0.3455 1.1586)
(-106.00 0.3362 1.1648)
(-105.50 0.3267 1.1708)
(-105.00 0.3172 1.1767)
(-104.50 0.3076 1.1825)
(-104.00 0.2979 1.1880)
(-103.50 0.2881 1.1934)
(-103.00 0.2782 1.1986)
(-102.50 0.2682 1.2036)
(-102.00 0.2581 1.2085)
(-101.50 0.2479 1.2132)
(-101.00 0.2377 1.2177)
(-100.50 0.2274 1.2221)
(-100.00 0.2171 1.2262)
(-99.50 0.2066 1.2302)
(-99.00 0.1961 1.2340)
(-98.50 0.1856 1.2376)
(-98.00 0.1749 1.2410)
(-97.50 0.1643 1.2442)
(-97.00 0.1536 1.2473)
(-96.50 0.1428 1.2501)
(-96.00 0.1320 1.2528)
(-95.50 0.1211 1.2553)
(-95.00 0.1102 1.2576)
(-94.50 0.0993 1.2597)
(-94.00 0.0884 1.2616)
(-93.50 0.0774 1.2633)
(-93.00 0.0664 1.2649)
(-92.50 0.0553 1.2662)
(-92.00 0.0443 1.2673)
(-91.50 0.0332 1.2683)
(-91.00 0.0222 1.2691)
(-90.50 0.0111 1.2696)
(-90.00 -0.0000 1.2700)
(-89.50 -0.0111 1.2702)
(-89.00 -0.0222 1.2702)
(-88.50 -0.0332 1.2700)
(-88.00 -0.0443 1.2696)
(-87.50 -0.0554 1.2690)
(-87.00 -0.0664 1.2682)
(-86.50 -0.0774 1.2672)
(-86.00 -0.0884 1.2660)
(-85.50 -0.0994 1.2647)
(-85.00 -0.1103 1.2631)
(-84.50 -0.1212 1.2614)
(-84.00 -0.1321 1.2594)
(-83.50 -0.1429 1.2573)
(-83.00 -0.1537 1.2550)
(-82.50 -0.1644 1.2525)
(-82.00 -0.1751 1.2498)
(-81.50 -0.1857 1.2469)
(-81.00 -0.1963 1.2439)
(-80.50 -0.2068 1.2406)
(-80.00 -0.2173 1.2372)
(-79.50 -0.2277 1.2336)
(-79.00 -0.2380 1.2298)
(-78.50 -0.2483 1.2258)
(-78.00 -0.2585 1.2217)
(-77.50 -0.2686 1.2174)
(-77.00 -0.2786 1.2129)
(-76.50 -0.2885 1.2082)
(-76.00 -0.2984 1.2033)
(-75.50 -0.3081 1.1983)
(-75.00 -0.3178 1.1931)
(-74.50 -0.3274 1.1878)
(-74.00 -0.3368 1.1822)
(-73.50 -0.3462 1.1766)
(-73.00 -0.3555 1.1707)
(-72.50 -0.3646 1.1647)
(-72.00 -0.3737 1.1585)
(-71.50 -0.3826 1.1522)
(-71.00 -0.3914 1.1457)
(-70.50 -0.4001 1.1391)
(-70.00 -0.4087 1.1323)
(-69.50 -0.4171 1.1253)
(-69.00 -0.4255 1.1182)
(-68.50 -0.4337 1.1110)
(-68.00 -0.4417 1.1036)
(-67.50 -0.4497 1.0961)
(-67.00 -0.4575 1.0885)
(-66.50 -0.4651 1.0807)
(-66.00 -0.4726 1.0728)
(-65.50 -0.4800 1.0647)
(-65.00 -0.4873 1.0566)
(-64.50 -0.4943 1.0483)
(-64.00 -0.5013 1.0398)
(-63.50 -0.5081 1.0313)
(-63.00 -0.5147 1.0226)
(-62.50 -0.5212 1.0138)
(-62.00 -0.5275 1.0050)
(-61.50 -0.5336 0.9960)
(-61.00 -0.5396 0.9869)
(-60.50 -0.5455 0.9776)
(-60.00 -0.5511 0.9683)
(-59.50 -0.5566 0.9589)
(-59.00 -0.5619 0.9494)
(-58.50 -0.5671 0.9398)
(-58.00 -0.5721 0.9302)
(-57.50 -0.5769 0.9204)
(-57.00 -0.5816 0.9105)
(-56.50 -0.5860 0.9006)
(-56.00 -0.5903 0.8906)
(-55.50 -0.5944 0.8805)
(-55.00 -0.5984 0.8704)
(-54.50 -0.6021 0.8601)
(-54.00 -0.6057 0.8498)
(-53.50 -0.6091 0.8395)
(-53.00 -0.6123 0.8291)
(-52.50 -0.6153 0.8186)
(-52.00 -0.6181 0.8081)
(-51.50 -0.6208 0.7976)
(-51.00 -0.6232 0.7870)
(-50.50 -0.6255 0.7763)
(-50.00 -0.6276 0.7656)
(-49.50 -0.6295 0.7549)
(-49.00 -0.6312 0.7442)
(-48.50 -0.6327 0.7334)
(-48.00 -0.6340 0.7226)
(-47.50 -0.6351 0.7117)
(-47.00 -0.6361 0.7009)
(-46.50 -0.6368 0.6900)
(-46.00 -0.6374 0.6792)
(-45.50 -0.6377 0.6683)
(-45.00 -0.6379 0.6574)
(-44.50 -0.6379 0.6465)
(-44.00 -0.6377 0.6356)
(-43.50 -0.6373 0.6247)
(-43.00 -0.6367 0.6139)
(-42.50 -0.6359 0.6030)
(-42.00 -0.6349 0.5922)
(-41.50 -0.6338 0.5813)
(-41.00 -0.6324 0.5705)
(-40.50 -0.6309 0.5597)
(-40.00 -0.6291 0.5490)
(-39.50 -0.6272 0.5383)
(-39.00 -0.6251 0.5276)
(-38.50 -0.6228 0.5169)
(-38.00 -0.6203 0.5063)
(-37.50 -0.6176 0.4958)
(-37.00 -0.6148 0.4853)
(-36.50 -0.6117 0.4748)
(-36.00 -0.6085 0.4644)
(-35.50 -0.6051 0.4541)
(-35.00 -0.6015 0.4438)
(-34.50 -0.5978 0.4335)
(-34.00 -0.5938 0.4234)
(-33.50 -0.5897 0.4133)
(-33.00 -0.5854 0.4033)
(-32.50 -0.5810 0.3934)
(-32.00 -0.5763 0.3835)
(-31.50 -0.5715 0.3737)
(-31.00 -0.5666 0.3640)
(-30.50 -0.5614 0.3544)
(-30.00 -0.5561 0.3449)
(-29.50 -0.5507 0.3355)
(-29.00 -0.5450 0.3262)
(-28.50 -0.5392 0.3170)
(-28.00 -0.5333 0.3079)
(-27.50 -0.5272 0.2989)
(-27.00 -0.5209 0.2900)
(-26.50 -0.5145 0.2812)
(-26.00 -0.5080 0.2725)
(-25.50 -0.5013 0.2640)
(-25.00 -0.4945 0.2555)
(-24.50 -0.4875 0.2472)
(-24.00 -0.4804 0.2390)
(-23.50 -0.4731 0.2310)
(-23.00 -0.4657 0.2230)
(-22.50 -0.4582 0.2153)
(-22.00 -0.4506 0.2076)
(-21.50 -0.4428 0.2001)
(-21.00 -0.4349 0.1927)
(-20.50 -0.4269 0.1854)
(-20.00 -0.4188 0.1783)
(-19.50 -0.4106 0.1714)
(-19.00 -0.4023 0.1646)
(-18.50 -0.3939 0.1579)
(-18.00 -0.3853 0.1514)
(-17.50 -0.3767 0.1450)
(-17.00 -0.3680 0.1389)
(-16.50 -0.3592 0.1328)
(-16.00 -0.3503 0.1269)
(-15.50 -0.3414 0.1212)
(-15.00 -0.3324 0.1157)
(-14.50 -0.3233 0.1103)
(-14.00 -0.3142 0.1051)
(-13.50 -0.3050 0.1000)
(-13.00 -0.2958 0.0951)
(-12.50 -0.2865 0.0904)
(-12.00 -0.2773 0.0859)
(-11.50 -0.2680 0.0815)
(-11.00 -0.2587 0.0773)
(-10.50 -0.2495 0.0733)
(-10.00 -0.2402 0.0695)
(-9.50 -0.2311 0.0658)
(-9.00 -0.2220 0.0624)
(-8.50 -0.2130 0.0591)
(-8.00 -0.2041 0.0560)
(-7.50 -0.1954 0.0530)
(-7.00 -0.1870 0.0503)
(-6.50 -0.1792 0.0455)
(-6.00 -0.1518 0.0413)
(-5.50 -0.1059 0.0367)
(-5.00 -0.0530 0.0322)
(-4.50 -0.0048 0.0283)
(-4.00 0.0370 0.0248)
(-3.50 0.0747 0.0216)
(-3.00 0.1159 0.0189)
(-2.50 0.1665 0.0168)
(-2.00 0.2198 0.0155)
(-1.50 0.2719 0.0148)
(-1.00 0.3418 0.0141)
(-0.50 0.4445 0.0131)
(0.00 0.5553 0.0124)
(0.50 0.6469 0.0124)
(1.00 0.7207 0.0127)
(1.50 0.7847 0.0127)
(2.00 0.8434 0.0126)
(2.50 0.8996 0.0126)
(3.00 0.9521 0.0128)
(3.50 0.9997 0.0131)
(4.00 1.0434 0.0133)
(4.50 1.0815 0.0134)
(5.00 1.0976 0.0137)
(5.50 1.0780 0.0147)
(6.00 1.0331 0.0170)
(6.50 0.9794 0.0211)
(7.00 0.9335 0.0256)
(7.50 0.9077 0.0293)
(8.00 0.8976 0.0325)
(8.50 0.8948 0.0358)
(9.00 0.8925 0.0398)
(9.50 0.8874 0.0445)
(10.00 0.8886 0.0493)
(10.50 0.9051 0.0533)
(11.00 0.9340 0.0564)
(11.50 0.9694 0.0588)
(12.00 1.0067 0.0614)
(12.50 1.0420 0.0648)
(13.00 1.0731 0.0687)
(13.50 1.0977 0.0728)
(14.00 1.1108 0.0775)
(14.50 1.0896 0.0828)
(15.00 1.0703 0.0882)
(15.50 1.0527 0.0938)
(16.00 1.0366 0.0996)
(16.50 1.0218 0.1056)
(17.00 1.0083 0.1117)
(17.50 0.9959 0.1180)
(18.00 0.9845 0.1244)
(18.50 0.9740 0.1310)
(19.00 0.9644 0.1377)
(19.50 0.9555 0.1446)
(20.00 0.9473 0.1516)
(20.50 0.9398 0.1588)
(21.00 0.9328 0.1662)
(21.50 0.9263 0.1736)
(22.00 0.9203 0.1813)
(22.50 0.9148 0.1890)
(23.00 0.9096 0.1969)
(23.50 0.9048 0.2049)
(24.00 0.9004 0.2131)
(24.50 0.8962 0.2214)
(25.00 0.8923 0.2298)
(25.50 0.8887 0.2383)
(26.00 0.8852 0.2470)
(26.50 0.8820 0.2558)
(27.00 0.8789 0.2647)
(27.50 0.8760 0.2737)
(28.00 0.8732 0.2828)
(28.50 0.8706 0.2920)
(29.00 0.8680 0.3014)
(29.50 0.8656 0.3108)
(30.00 0.8632 0.3203)
(30.50 0.8608 0.3300)
(31.00 0.8586 0.3397)
(31.50 0.8563 0.3495)
(32.00 0.8541 0.3594)
(32.50 0.8520 0.3694)
(33.00 0.8498 0.3795)
(33.50 0.8476 0.3896)
(34.00 0.8454 0.3998)
(34.50 0.8432 0.4101)
(35.00 0.8410 0.4205)
(35.50 0.8388 0.4309)
(36.00 0.8365 0.4414)
(36.50 0.8341 0.4520)
(37.00 0.8317 0.4626)
(37.50 0.8293 0.4732)
(38.00 0.8268 0.4840)
(38.50 0.8242 0.4947)
(39.00 0.8215 0.5055)
(39.50 0.8188 0.5164)
(40.00 0.8160 0.5272)
(40.50 0.8131 0.5381)
(41.00 0.8101 0.5491)
(41.50 0.8070 0.5601)
(42.00 0.8039 0.5711)
(42.50 0.8006 0.5821)
(43.00 0.7972 0.5931)
(43.50 0.7938 0.6041)
(44.00 0.7902 0.6152)
(44.50 0.7865 0.6262)
(45.00 0.7827 0.6373)
(45.50 0.7787 0.6484)
(46.00 0.7747 0.6594)
(46.50 0.7705 0.6705)
(47.00 0.7663 0.6815)
(47.50 0.7619 0.6926)
(48.00 0.7573 0.7036)
(48.50 0.7527 0.7146)
(49.00 0.7479 0.7255)
(49.50 0.7430 0.7365)
(50.00 0.7380 0.7474)
(50.50 0.7328 0.7582)
(51.00 0.7275 0.7691)
(51.50 0.7221 0.7799)
(52.00 0.7166 0.7906)
(52.50 0.7109 0.8013)
(53.00 0.7051 0.8120)
(53.50 0.6992 0.8226)
(54.00 0.6931 0.8331)
(54.50 0.6869 0.8436)
(55.00 0.6806 0.8541)
(55.50 0.6741 0.8644)
(56.00 0.6675 0.8747)
(56.50 0.6608 0.8849)
(57.00 0.6540 0.8951)
(57.50 0.6470 0.9051)
(58.00 0.6399 0.9151)
(58.50 0.6327 0.9250)
(59.00 0.6253 0.9348)
(59.50 0.6178 0.9445)
(60.00 0.6102 0.9541)
(60.50 0.6025 0.9637)
(61.00 0.5946 0.9731)
(61.50 0.5867 0.9824)
(62.00 0.5786 0.9916)
(62.50 0.5704 1.0007)
(63.00 0.5620 1.0097)
(63.50 0.5536 1.0186)
(64.00 0.5450 1.0274)
(64.50 0.5364 1.0360)
(65.00 0.5276 1.0446)
(65.50 0.5187 1.0530)
(66.00 0.5097 1.0612)
(66.50 0.5006 1.0694)
(67.00 0.4914 1.0774)
(67.50 0.4821 1.0853)
(68.00 0.4727 1.0930)
(68.50 0.4632 1.1006)
(69.00 0.4536 1.1081)
(69.50 0.4439 1.1154)
(70.00 0.4342 1.1226)
(70.50 0.4243 1.1296)
(71.00 0.4144 1.1365)
(71.50 0.4043 1.1432)
(72.00 0.3942 1.1497)
(72.50 0.3840 1.1561)
(73.00 0.3738 1.1624)
(73.50 0.3634 1.1685)
(74.00 0.3530 1.1744)
(74.50 0.3425 1.1802)
(75.00 0.3320 1.1858)
(75.50 0.3214 1.1912)
(76.00 0.3107 1.1965)
(76.50 0.3000 1.2016)
(77.00 0.2892 1.2065)
(77.50 0.2784 1.2112)
(78.00 0.2675 1.2158)
(78.50 0.2566 1.2202)
(79.00 0.2456 1.2244)
(79.50 0.2346 1.2284)
(80.00 0.2236 1.2323)
(80.50 0.2125 1.2359)
(81.00 0.2014 1.2394)
(81.50 0.1903 1.2427)
(82.00 0.1791 1.2459)
(82.50 0.1679 1.2488)
(83.00 0.1567 1.2515)
(83.50 0.1455 1.2541)
(84.00 0.1343 1.2565)
(84.50 0.1231 1.2586)
(85.00 0.1119 1.2606)
(85.50 0.1006 1.2624)
(86.00 0.0894 1.2640)
(86.50 0.0782 1.2655)
(87.00 0.0669 1.2667)
(87.50 0.0557 1.2677)
(88.00 0.0445 1.2686)
(88.50 0.0334 1.2692)
(89.00 0.0222 1.2697)
(89.50 0.0111 1.2699)
(90.00 0.0000 1.2700)
(90.50 -0.0111 1.2699)
(91.00 -0.0221 1.2696)
(91.50 -0.0331 1.2690)
(92.00 -0.0440 1.2683)
(92.50 -0.0549 1.2674)
(93.00 -0.0658 1.2664)
(93.50 -0.0766 1.2651)
(94.00 -0.0874 1.2636)
(94.50 -0.0980 1.2619)
(95.00 -0.1087 1.2601)
(95.50 -0.1192 1.2580)
(96.00 -0.1297 1.2558)
(96.50 -0.1402 1.2534)
(97.00 -0.1505 1.2507)
(97.50 -0.1608 1.2479)
(98.00 -0.1709 1.2449)
(98.50 -0.1810 1.2418)
(99.00 -0.1911 1.2384)
(99.50 -0.2010 1.2349)
(100.00 -0.2108 1.2311)
(100.50 -0.2205 1.2272)
(101.00 -0.2301 1.2231)
(101.50 -0.2396 1.2189)
(102.00 -0.2490 1.2144)
(102.50 -0.2583 1.2098)
(103.00 -0.2675 1.2050)
(103.50 -0.2766 1.2000)
(104.00 -0.2855 1.1949)
(104.50 -0.2943 1.1896)
(105.00 -0.3030 1.1841)
(105.50 -0.3116 1.1784)
(106.00 -0.3200 1.1726)
(106.50 -0.3283 1.1666)
(107.00 -0.3364 1.1605)
(107.50 -0.3444 1.1542)
(108.00 -0.3523 1.1477)
(108.50 -0.3600 1.1411)
(109.00 -0.3675 1.1343)
(109.50 -0.3749 1.1274)
(110.00 -0.3822 1.1203)
(110.50 -0.3893 1.1131)
(111.00 -0.3962 1.1057)
(111.50 -0.4029 1.0982)
(112.00 -0.4095 1.0906)
(112.50 -0.4159 1.0828)
(113.00 -0.4221 1.0748)
(113.50 -0.4282 1.0668)
(114.00 -0.4341 1.0586)
(114.50 -0.4398 1.0502)
(115.00 -0.4453 1.0418)
(115.50 -0.4506 1.0332)
(116.00 -0.4557 1.0245)
(116.50 -0.4607 1.0157)
(117.00 -0.4654 1.0068)
(117.50 -0.4700 0.9977)
(118.00 -0.4743 0.9886)
(118.50 -0.4785 0.9793)
(119.00 -0.4824 0.9699)
(119.50 -0.4861 0.9604)
(120.00 -0.4896 0.9509)
(120.50 -0.4930 0.9412)
(121.00 -0.4960 0.9314)
(121.50 -0.4989 0.9216)
(122.00 -0.5016 0.9116)
(122.50 -0.5040 0.9016)
(123.00 -0.5062 0.8915)
(123.50 -0.5082 0.8813)
(124.00 -0.5100 0.8710)
(124.50 -0.5115 0.8607)
(125.00 -0.5128 0.8503)
(125.50 -0.5139 0.8398)
(126.00 -0.5147 0.8293)
(126.50 -0.5153 0.8187)
(127.00 -0.5157 0.8081)
(127.50 -0.5158 0.7974)
(128.00 -0.5157 0.7866)
(128.50 -0.5153 0.7758)
(129.00 -0.5147 0.7650)
(129.50 -0.5138 0.7541)
(130.00 -0.5127 0.7432)
(130.50 -0.5113 0.7322)
(131.00 -0.5097 0.7212)
(131.50 -0.5078 0.7102)
(132.00 -0.5057 0.6992)
(132.50 -0.5033 0.6881)
(133.00 -0.5006 0.6771)
(133.50 -0.4977 0.6660)
(134.00 -0.4945 0.6549)
(134.50 -0.4911 0.6438)
(135.00 -0.4873 0.6327)
(135.50 -0.4833 0.6216)
(136.00 -0.4791 0.6105)
(136.50 -0.4745 0.5994)
(137.00 -0.4697 0.5883)
(137.50 -0.4646 0.5772)
(138.00 -0.4592 0.5662)
(138.50 -0.4535 0.5552)
(139.00 -0.4475 0.5442)
(139.50 -0.4413 0.5332)
(140.00 -0.4347 0.5222)
(140.50 -0.4279 0.5113)
(141.00 -0.4207 0.5004)
(141.50 -0.4133 0.4896)
(142.00 -0.4055 0.4788)
(142.50 -0.3975 0.4681)
(143.00 -0.3891 0.4574)
(143.50 -0.3804 0.4467)
(144.00 -0.3714 0.4361)
(144.50 -0.3621 0.4256)
(145.00 -0.3524 0.4151)
(145.50 -0.3424 0.4047)
(146.00 -0.3321 0.3944)
(146.50 -0.3214 0.3842)
(147.00 -0.3104 0.3740)
(147.50 -0.2990 0.3639)
(148.00 -0.2873 0.3539)
(148.50 -0.2752 0.3439)
(149.00 -0.2628 0.3341)
(149.50 -0.2499 0.3243)
(150.00 -0.2367 0.3147)
(150.50 -0.2231 0.3051)
(151.00 -0.2090 0.2956)
(151.50 -0.1946 0.2863)
(152.00 -0.1797 0.2770)
(152.50 -0.1643 0.2679)
(153.00 -0.1485 0.2588)
(153.50 -0.1323 0.2499)
(154.00 -0.1156 0.2411)
(154.50 -0.0983 0.2324)
(155.00 -0.0806 0.2239)
(155.50 -0.0623 0.2154)
(156.00 -0.0434 0.2071)
(156.50 -0.0240 0.1989)
(157.00 -0.0039 0.1909)
(157.50 0.0168 0.1830)
(158.00 0.0381 0.1752)
(158.50 0.0602 0.1675)
(159.00 0.0830 0.1601)
(159.50 0.1066 0.1527)
(160.00 0.1310 0.1455)
(160.50 0.1563 0.1384)
(161.00 0.1825 0.1315)
(161.50 0.2097 0.1248)
(162.00 0.2380 0.1182)
(162.50 0.2674 0.1117)
(163.00 0.2981 0.1054)
(163.50 0.3301 0.0993)
(164.00 0.3636 0.0933)
(164.50 0.3986 0.0875)
(165.00 0.4353 0.0819)
(165.50 0.4739 0.0765)
(166.00 0.5146 0.0712)
(166.50 0.5575 0.0660)
(167.00 0.6030 0.0611)
(167.50 0.6513 0.0563)
(168.00 0.7027 0.0517)
(168.50 0.7577 0.0473)
(169.00 0.8167 0.0430)
(169.50 0.8803 0.0390)
(170.00 0.9491 0.0351)
(170.50 1.0241 0.0314)
(171.00 1.1060 0.0279)
(171.50 1.1963 0.0245)
(172.00 1.2964 0.0214)
(172.50 1.4083 0.0184)
(173.00 1.5345 0.0156)
(173.50 1.6782 0.0130)
(174.00 1.8440 0.0106)
(174.50 2.0376 0.0084)
(175.00 2.2676 0.0064)
(175.50 2.5459 0.0046)
(176.00 2.8907 0.0029)
(176.50 3.3306 0.0015)
(177.00 3.9128 0.0002)
(177.50 4.7231 -0.0008)
(178.00 5.9321 -0.0017)
(178.50 7.9389 -0.0024)
(179.00 11.9398 -0.0029)
(179.50 23.9174 -0.0032)
(180.00 23.9174 -0.0032)
