// Bound.+Viterna
// Re = 1.00E+05
// (alpha_deg cl cd)
(-180.00 2.2326 -0.0640)
(-179.50 2.2326 -0.0640)
(-179.00 1.1327 -0.0637)
(-178.50 0.7734 -0.0632)
(-178.00 0.5991 -0.0625)
(-177.50 0.4990 -0.0616)
(-177.00 0.4358 -0.0605)
(-176.50 0.3938 -0.0592)
(-176.00 0.3650 -0.0577)
(-175.50 0.3449 -0.0561)
(-175.00 0.3310 -0.0542)
(-174.50 0.3216 -0.0521)
(-174.00 0.3155 -0.0499)
(-173.50 0.3119 -0.0474)
(-173.00 0.3103 -0.0447)
(-172.50 0.3104 -0.0419)
(-172.00 0.3116 -0.0389)
(-171.50 0.3140 -0.0356)
(-171.00 0.3171 -0.0322)
(-170.50 0.3210 -0.0286)
(-170.00 0.3255 -0.0248)
(-169.50 0.3304 -0.0208)
(-169.00 0.3358 -0.0167)
(-168.50 0.3415 -0.0123)
(-168.00 0.3475 -0.0078)
(-167.50 0.3537 -0.0031)
(-167.00 0.3602 0.0018)
(-166.50 0.3668 0.0069)
(-166.00 0.3736 0.0122)
(-165.50 0.3804 0.0176)
(-165.00 0.3874 0.0232)
(-164.50 0.3944 0.0290)
(-164.00 0.4015 0.0349)
(-163.50 0.4086 0.0410)
(-163.00 0.4157 0.0473)
(-162.50 0.4229 0.0537)
(-162.00 0.4300 0.0603)
(-161.50 0.4371 0.0671)
(-161.00 0.4442 0.0740)
(-160.50 0.4512 0.0811)
(-160.00 0.4582 0.0883)
(-159.50 0.4652 0.0957)
(-159.00 0.4721 0.1033)
(-158.50 0.4789 0.1110)
(-158.00 0.4856 0.1188)
(-157.50 0.4923 0.1268)
(-157.00 0.4988 0.1349)
(-156.50 0.5053 0.1432)
(-156.00 0.5117 0.1516)
(-155.50 0.5180 0.1601)
(-155.00 0.5241 0.1688)
(-154.50 0.5302 0.1775)
(-154.00 0.5361 0.1865)
(-153.50 0.5419 0.1955)
(-153.00 0.5476 0.2047)
(-152.50 0.5532 0.2139)
(-152.00 0.5586 0.2233)
(-151.50 0.5639 0.2328)
(-151.00 0.5691 0.2425)
(-150.50 0.5741 0.2522)
(-150.00 0.5790 0.2620)
(-149.50 0.5837 0.2719)
(-149.00 0.5883 0.2820)
(-148.50 0.5928 0.2921)
(-148.00 0.5970 0.3023)
(-147.50 0.6012 0.3126)
(-147.00 0.6051 0.3230)
(-146.50 0.6089 0.3335)
(-146.00 0.6126 0.3440)
(-145.50 0.6161 0.3546)
(-145.00 0.6194 0.3653)
(-144.50 0.6225 0.3761)
(-144.00 0.6255 0.3869)
(-143.50 0.6283 0.3978)
(-143.00 0.6309 0.4088)
(-142.50 0.6334 0.4198)
(-142.00 0.6357 0.4309)
(-141.50 0.6378 0.4420)
(-141.00 0.6397 0.4532)
(-140.50 0.6415 0.4644)
(-140.00 0.6431 0.4756)
(-139.50 0.6444 0.4869)
(-139.00 0.6457 0.4983)
(-138.50 0.6467 0.5096)
(-138.00 0.6475 0.5210)
(-137.50 0.6482 0.5324)
(-137.00 0.6487 0.5438)
(-136.50 0.6489 0.5553)
(-136.00 0.6491 0.5667)
(-135.50 0.6490 0.5782)
(-135.00 0.6487 0.5897)
(-134.50 0.6483 0.6012)
(-134.00 0.6476 0.6126)
(-133.50 0.6468 0.6241)
(-133.00 0.6458 0.6356)
(-132.50 0.6446 0.6471)
(-132.00 0.6432 0.6585)
(-131.50 0.6416 0.6699)
(-131.00 0.6399 0.6813)
(-130.50 0.6379 0.6927)
(-130.00 0.6358 0.7041)
(-129.50 0.6335 0.7154)
(-129.00 0.6310 0.7267)
(-128.50 0.6283 0.7380)
(-128.00 0.6255 0.7492)
(-127.50 0.6224 0.7603)
(-127.00 0.6192 0.7715)
(-126.50 0.6158 0.7825)
(-126.00 0.6122 0.7936)
(-125.50 0.6084 0.8045)
(-125.00 0.6045 0.8154)
(-124.50 0.6004 0.8263)
(-124.00 0.5961 0.8370)
(-123.50 0.5916 0.8477)
(-123.00 0.5870 0.8584)
(-122.50 0.5821 0.8689)
(-122.00 0.5772 0.8794)
(-121.50 0.5720 0.8898)
(-121.00 0.5667 0.9001)
(-120.50 0.5612 0.9103)
(-120.00 0.5555 0.9205)
(-119.50 0.5497 0.9305)
(-119.00 0.5437 0.9404)
(-118.50 0.5376 0.9503)
(-118.00 0.5313 0.9600)
(-117.50 0.5248 0.9696)
(-117.00 0.5182 0.9792)
(-116.50 0.5114 0.9886)
(-116.00 0.5045 0.9979)
(-115.50 0.4975 1.0070)
(-115.00 0.4903 1.0161)
(-114.50 0.4829 1.0250)
(-114.00 0.4754 1.0338)
(-113.50 0.4678 1.0425)
(-113.00 0.4600 1.0511)
(-112.50 0.4521 1.0595)
(-112.00 0.4440 1.0678)
(-111.50 0.4359 1.0759)
(-111.00 0.4276 1.0839)
(-110.50 0.4191 1.0918)
(-110.00 0.4106 1.0995)
(-109.50 0.4019 1.1071)
(-109.00 0.3931 1.1145)
(-108.50 0.3842 1.1218)
(-108.00 0.3752 1.1289)
(-107.50 0.3661 1.1359)
(-107.00 0.3568 1.1427)
(-106.50 0.3475 1.1494)
(-106.00 0.3380 1.1558)
(-105.50 0.3285 1.1622)
(-105.00 0.3188 1.1683)
(-104.50 0.3091 1.1743)
(-104.00 0.2993 1.1802)
(-103.50 0.2894 1.1858)
(-103.00 0.2794 1.1913)
(-102.50 0.2693 1.1966)
(-102.00 0.2591 1.2018)
(-101.50 0.2489 1.2067)
(-101.00 0.2386 1.2115)
(-100.50 0.2282 1.2161)
(-100.00 0.2178 1.2206)
(-99.50 0.2073 1.2248)
(-99.00 0.1967 1.2289)
(-98.50 0.1861 1.2328)
(-98.00 0.1754 1.2365)
(-97.50 0.1647 1.2400)
(-97.00 0.1539 1.2433)
(-96.50 0.1431 1.2465)
(-96.00 0.1322 1.2494)
(-95.50 0.1213 1.2522)
(-95.00 0.1104 1.2548)
(-94.50 0.0995 1.2572)
(-94.00 0.0885 1.2594)
(-93.50 0.0775 1.2614)
(-93.00 0.0664 1.2632)
(-92.50 0.0554 1.2648)
(-92.00 0.0443 1.2662)
(-91.50 0.0332 1.2675)
(-91.00 0.0222 1.2685)
(-90.50 0.0111 1.2693)
(-90.00 -0.0000 1.2700)
(-89.50 -0.0111 1.2705)
(-89.00 -0.0222 1.2707)
(-88.50 -0.0332 1.2708)
(-88.00 -0.0443 1.2707)
(-87.50 -0.0553 1.2704)
(-87.00 -0.0663 1.2699)
(-86.50 -0.0773 1.2692)
(-86.00 -0.0883 1.2683)
(-85.50 -0.0992 1.2672)
(-85.00 -0.1101 1.2659)
(-84.50 -0.1210 1.2645)
(-84.00 -0.1318 1.2628)
(-83.50 -0.1426 1.2610)
(-83.00 -0.1533 1.2589)
(-82.50 -0.1640 1.2567)
(-82.00 -0.1747 1.2543)
(-81.50 -0.1852 1.2517)
(-81.00 -0.1957 1.2489)
(-80.50 -0.2062 1.2460)
(-80.00 -0.2166 1.2428)
(-79.50 -0.2269 1.2395)
(-79.00 -0.2372 1.2360)
(-78.50 -0.2473 1.2323)
(-78.00 -0.2574 1.2284)
(-77.50 -0.2674 1.2244)
(-77.00 -0.2774 1.2201)
(-76.50 -0.2872 1.2157)
(-76.00 -0.2969 1.2112)
(-75.50 -0.3066 1.2064)
(-75.00 -0.3162 1.2015)
(-74.50 -0.3256 1.1964)
(-74.00 -0.3350 1.1912)
(-73.50 -0.3442 1.1858)
(-73.00 -0.3534 1.1802)
(-72.50 -0.3624 1.1744)
(-72.00 -0.3713 1.1685)
(-71.50 -0.3801 1.1625)
(-71.00 -0.3888 1.1562)
(-70.50 -0.3973 1.1499)
(-70.00 -0.4058 1.1434)
(-69.50 -0.4141 1.1367)
(-69.00 -0.4222 1.1299)
(-68.50 -0.4303 1.1229)
(-68.00 -0.4382 1.1158)
(-67.50 -0.4459 1.1085)
(-67.00 -0.4536 1.1011)
(-66.50 -0.4610 1.0936)
(-66.00 -0.4684 1.0860)
(-65.50 -0.4756 1.0782)
(-65.00 -0.4826 1.0703)
(-64.50 -0.4895 1.0622)
(-64.00 -0.4962 1.0540)
(-63.50 -0.5028 1.0457)
(-63.00 -0.5092 1.0373)
(-62.50 -0.5155 1.0288)
(-62.00 -0.5216 1.0202)
(-61.50 -0.5275 1.0114)
(-61.00 -0.5333 1.0026)
(-60.50 -0.5389 0.9936)
(-60.00 -0.5443 0.9845)
(-59.50 -0.5496 0.9754)
(-59.00 -0.5547 0.9661)
(-58.50 -0.5596 0.9568)
(-58.00 -0.5643 0.9473)
(-57.50 -0.5689 0.9378)
(-57.00 -0.5732 0.9282)
(-56.50 -0.5774 0.9185)
(-56.00 -0.5814 0.9087)
(-55.50 -0.5853 0.8989)
(-55.00 -0.5889 0.8889)
(-54.50 -0.5924 0.8789)
(-54.00 -0.5956 0.8689)
(-53.50 -0.5987 0.8588)
(-53.00 -0.6016 0.8486)
(-52.50 -0.6043 0.8384)
(-52.00 -0.6068 0.8281)
(-51.50 -0.6091 0.8177)
(-51.00 -0.6112 0.8073)
(-50.50 -0.6132 0.7969)
(-50.00 -0.6149 0.7865)
(-49.50 -0.6164 0.7760)
(-49.00 -0.6178 0.7654)
(-48.50 -0.6189 0.7548)
(-48.00 -0.6198 0.7443)
(-47.50 -0.6206 0.7336)
(-47.00 -0.6211 0.7230)
(-46.50 -0.6215 0.7123)
(-46.00 -0.6216 0.7017)
(-45.50 -0.6215 0.6910)
(-45.00 -0.6213 0.6803)
(-44.50 -0.6208 0.6696)
(-44.00 -0.6202 0.6589)
(-43.50 -0.6193 0.6482)
(-43.00 -0.6182 0.6376)
(-42.50 -0.6170 0.6269)
(-42.00 -0.6155 0.6162)
(-41.50 -0.6139 0.6056)
(-41.00 -0.6120 0.5950)
(-40.50 -0.6099 0.5844)
(-40.00 -0.6077 0.5738)
(-39.50 -0.6052 0.5633)
(-39.00 -0.6025 0.5528)
(-38.50 -0.5996 0.5423)
(-38.00 -0.5966 0.5319)
(-37.50 -0.5933 0.5215)
(-37.00 -0.5899 0.5111)
(-36.50 -0.5862 0.5009)
(-36.00 -0.5823 0.4906)
(-35.50 -0.5783 0.4804)
(-35.00 -0.5740 0.4703)
(-34.50 -0.5696 0.4602)
(-34.00 -0.5649 0.4502)
(-33.50 -0.5601 0.4403)
(-33.00 -0.5551 0.4305)
(-32.50 -0.5498 0.4207)
(-32.00 -0.5444 0.4110)
(-31.50 -0.5388 0.4014)
(-31.00 -0.5330 0.3918)
(-30.50 -0.5270 0.3824)
(-30.00 -0.5208 0.3730)
(-29.50 -0.5145 0.3637)
(-29.00 -0.5079 0.3545)
(-28.50 -0.5012 0.3455)
(-28.00 -0.4942 0.3365)
(-27.50 -0.4871 0.3276)
(-27.00 -0.4798 0.3189)
(-26.50 -0.4723 0.3102)
(-26.00 -0.4647 0.3016)
(-25.50 -0.4568 0.2932)
(-25.00 -0.4488 0.2849)
(-24.50 -0.4405 0.2767)
(-24.00 -0.4321 0.2686)
(-23.50 -0.4235 0.2607)
(-23.00 -0.4147 0.2529)
(-22.50 -0.4058 0.2452)
(-22.00 -0.3966 0.2376)
(-21.50 -0.3873 0.2302)
(-21.00 -0.3777 0.2229)
(-20.50 -0.3680 0.2158)
(-20.00 -0.3581 0.2088)
(-19.50 -0.3480 0.2019)
(-19.00 -0.3377 0.1952)
(-18.50 -0.3272 0.1886)
(-18.00 -0.3165 0.1822)
(-17.50 -0.3056 0.1760)
(-17.00 -0.2944 0.1698)
(-16.50 -0.2831 0.1639)
(-16.00 -0.2715 0.1581)
(-15.50 -0.2597 0.1524)
(-15.00 -0.2476 0.1470)
(-14.50 -0.2353 0.1417)
(-14.00 -0.2227 0.1365)
(-13.50 -0.2098 0.1315)
(-13.00 -0.1965 0.1267)
(-12.50 -0.1830 0.1221)
(-12.00 -0.1691 0.1176)
(-11.50 -0.1547 0.1133)
(-11.00 -0.1400 0.1091)
(-10.50 -0.1247 0.1052)
(-10.00 -0.1089 0.1014)
(-9.50 -0.0913 0.0935)
(-9.00 -0.0787 0.0862)
(-8.50 -0.0708 0.0794)
(-8.00 -0.0652 0.0729)
(-7.50 -0.0590 0.0664)
(-7.00 -0.0490 0.0599)
(-6.50 -0.0332 0.0535)
(-6.00 -0.0137 0.0475)
(-5.50 0.0084 0.0424)
(-5.00 0.0418 0.0379)
(-4.50 0.0928 0.0338)
(-4.00 0.1493 0.0298)
(-3.50 0.1984 0.0258)
(-3.00 0.2436 0.0219)
(-2.50 0.2898 0.0185)
(-2.00 0.3316 0.0160)
(-1.50 0.3676 0.0144)
(-1.00 0.4221 0.0132)
(-0.50 0.5136 0.0117)
(0.00 0.6126 0.0105)
(0.50 0.6870 0.0102)
(1.00 0.7415 0.0104)
(1.50 0.7880 0.0105)
(2.00 0.8308 0.0105)
(2.50 0.8722 0.0105)
(3.00 0.9134 0.0107)
(3.50 0.9543 0.0111)
(4.00 0.9894 0.0113)
(4.50 1.0110 0.0113)
(5.00 1.0087 0.0125)
(5.50 0.9784 0.0158)
(6.00 0.9454 0.0198)
(6.50 0.9345 0.0228)
(7.00 0.9392 0.0255)
(7.50 0.9482 0.0286)
(8.00 0.9623 0.0322)
(8.50 0.9850 0.0360)
(9.00 1.0170 0.0402)
(9.50 1.0580 0.0449)
(10.00 1.1053 0.0506)
(10.50 1.1549 0.0574)
(11.00 1.1996 0.0644)
(11.50 1.2313 0.0704)
(12.00 1.2411 0.0760)
(12.50 1.2089 0.0806)
(13.00 1.1797 0.0853)
(13.50 1.1533 0.0902)
(14.00 1.1293 0.0953)
(14.50 1.1074 0.1005)
(15.00 1.0874 0.1059)
(15.50 1.0692 0.1115)
(16.00 1.0525 0.1172)
(16.50 1.0372 0.1231)
(17.00 1.0231 0.1292)
(17.50 1.0102 0.1354)
(18.00 0.9984 0.1418)
(18.50 0.9875 0.1483)
(19.00 0.9774 0.1550)
(19.50 0.9681 0.1618)
(20.00 0.9596 0.1688)
(20.50 0.9516 0.1760)
(21.00 0.9443 0.1832)
(21.50 0.9375 0.1907)
(22.00 0.9312 0.1982)
(22.50 0.9254 0.2059)
(23.00 0.9199 0.2137)
(23.50 0.9149 0.2217)
(24.00 0.9101 0.2298)
(24.50 0.9057 0.2380)
(25.00 0.9015 0.2464)
(25.50 0.8976 0.2549)
(26.00 0.8940 0.2634)
(26.50 0.8905 0.2722)
(27.00 0.8872 0.2810)
(27.50 0.8841 0.2899)
(28.00 0.8811 0.2990)
(28.50 0.8782 0.3081)
(29.00 0.8755 0.3174)
(29.50 0.8728 0.3267)
(30.00 0.8703 0.3362)
(30.50 0.8678 0.3457)
(31.00 0.8653 0.3554)
(31.50 0.8629 0.3651)
(32.00 0.8606 0.3749)
(32.50 0.8582 0.3848)
(33.00 0.8559 0.3948)
(33.50 0.8536 0.4049)
(34.00 0.8513 0.4150)
(34.50 0.8489 0.4252)
(35.00 0.8466 0.4355)
(35.50 0.8442 0.4458)
(36.00 0.8417 0.4562)
(36.50 0.8393 0.4667)
(37.00 0.8368 0.4772)
(37.50 0.8342 0.4878)
(38.00 0.8315 0.4984)
(38.50 0.8289 0.5090)
(39.00 0.8261 0.5197)
(39.50 0.8232 0.5305)
(40.00 0.8203 0.5413)
(40.50 0.8173 0.5521)
(41.00 0.8142 0.5629)
(41.50 0.8111 0.5738)
(42.00 0.8078 0.5847)
(42.50 0.8044 0.5956)
(43.00 0.8010 0.6065)
(43.50 0.7974 0.6174)
(44.00 0.7937 0.6284)
(44.50 0.7899 0.6393)
(45.00 0.7860 0.6503)
(45.50 0.7820 0.6612)
(46.00 0.7779 0.6721)
(46.50 0.7736 0.6831)
(47.00 0.7693 0.6940)
(47.50 0.7648 0.7049)
(48.00 0.7602 0.7158)
(48.50 0.7555 0.7267)
(49.00 0.7506 0.7375)
(49.50 0.7456 0.7483)
(50.00 0.7405 0.7591)
(50.50 0.7353 0.7699)
(51.00 0.7300 0.7806)
(51.50 0.7245 0.7913)
(52.00 0.7189 0.8019)
(52.50 0.7131 0.8125)
(53.00 0.7073 0.8230)
(53.50 0.7013 0.8335)
(54.00 0.6951 0.8439)
(54.50 0.6889 0.8543)
(55.00 0.6825 0.8646)
(55.50 0.6760 0.8748)
(56.00 0.6693 0.8849)
(56.50 0.6625 0.8950)
(57.00 0.6556 0.9050)
(57.50 0.6486 0.9150)
(58.00 0.6415 0.9248)
(58.50 0.6342 0.9346)
(59.00 0.6268 0.9442)
(59.50 0.6192 0.9538)
(60.00 0.6116 0.9633)
(60.50 0.6038 0.9727)
(61.00 0.5959 0.9820)
(61.50 0.5879 0.9911)
(62.00 0.5798 1.0002)
(62.50 0.5715 1.0092)
(63.00 0.5631 1.0180)
(63.50 0.5546 1.0268)
(64.00 0.5461 1.0354)
(64.50 0.5373 1.0439)
(65.00 0.5285 1.0523)
(65.50 0.5196 1.0605)
(66.00 0.5106 1.0687)
(66.50 0.5014 1.0767)
(67.00 0.4922 1.0845)
(67.50 0.4829 1.0923)
(68.00 0.4734 1.0999)
(68.50 0.4639 1.1073)
(69.00 0.4543 1.1146)
(69.50 0.4446 1.1218)
(70.00 0.4348 1.1288)
(70.50 0.4249 1.1357)
(71.00 0.4149 1.1424)
(71.50 0.4048 1.1490)
(72.00 0.3947 1.1554)
(72.50 0.3845 1.1616)
(73.00 0.3742 1.1677)
(73.50 0.3638 1.1737)
(74.00 0.3534 1.1795)
(74.50 0.3429 1.1851)
(75.00 0.3323 1.1905)
(75.50 0.3217 1.1958)
(76.00 0.3110 1.2009)
(76.50 0.3003 1.2058)
(77.00 0.2895 1.2106)
(77.50 0.2786 1.2152)
(78.00 0.2677 1.2196)
(78.50 0.2568 1.2238)
(79.00 0.2458 1.2279)
(79.50 0.2348 1.2318)
(80.00 0.2237 1.2355)
(80.50 0.2126 1.2390)
(81.00 0.2015 1.2423)
(81.50 0.1904 1.2454)
(82.00 0.1792 1.2484)
(82.50 0.1680 1.2512)
(83.00 0.1568 1.2538)
(83.50 0.1456 1.2562)
(84.00 0.1344 1.2584)
(84.50 0.1231 1.2604)
(85.00 0.1119 1.2622)
(85.50 0.1007 1.2639)
(86.00 0.0894 1.2653)
(86.50 0.0782 1.2666)
(87.00 0.0670 1.2677)
(87.50 0.0558 1.2685)
(88.00 0.0446 1.2692)
(88.50 0.0334 1.2697)
(89.00 0.0222 1.2700)
(89.50 0.0111 1.2701)
(90.00 0.0000 1.2700)
(90.50 -0.0111 1.2697)
(91.00 -0.0221 1.2692)
(91.50 -0.0331 1.2686)
(92.00 -0.0440 1.2677)
(92.50 -0.0549 1.2666)
(93.00 -0.0658 1.2654)
(93.50 -0.0766 1.2639)
(94.00 -0.0873 1.2623)
(94.50 -0.0980 1.2605)
(95.00 -0.1086 1.2585)
(95.50 -0.1192 1.2563)
(96.00 -0.1297 1.2539)
(96.50 -0.1401 1.2513)
(97.00 -0.1504 1.2485)
(97.50 -0.1607 1.2455)
(98.00 -0.1709 1.2424)
(98.50 -0.1809 1.2391)
(99.00 -0.1909 1.2355)
(99.50 -0.2008 1.2318)
(100.00 -0.2106 1.2280)
(100.50 -0.2204 1.2239)
(101.00 -0.2300 1.2196)
(101.50 -0.2395 1.2152)
(102.00 -0.2488 1.2106)
(102.50 -0.2581 1.2058)
(103.00 -0.2673 1.2009)
(103.50 -0.2763 1.1958)
(104.00 -0.2852 1.1905)
(104.50 -0.2940 1.1850)
(105.00 -0.3027 1.1793)
(105.50 -0.3112 1.1735)
(106.00 -0.3196 1.1676)
(106.50 -0.3279 1.1614)
(107.00 -0.3360 1.1551)
(107.50 -0.3440 1.1487)
(108.00 -0.3518 1.1421)
(108.50 -0.3595 1.1353)
(109.00 -0.3670 1.1284)
(109.50 -0.3744 1.1213)
(110.00 -0.3816 1.1141)
(110.50 -0.3886 1.1067)
(111.00 -0.3955 1.0992)
(111.50 -0.4022 1.0915)
(112.00 -0.4088 1.0837)
(112.50 -0.4152 1.0758)
(113.00 -0.4214 1.0677)
(113.50 -0.4274 1.0595)
(114.00 -0.4332 1.0511)
(114.50 -0.4389 1.0427)
(115.00 -0.4443 1.0341)
(115.50 -0.4496 1.0253)
(116.00 -0.4547 1.0165)
(116.50 -0.4596 1.0075)
(117.00 -0.4643 0.9984)
(117.50 -0.4688 0.9893)
(118.00 -0.4731 0.9800)
(118.50 -0.4772 0.9706)
(119.00 -0.4811 0.9610)
(119.50 -0.4848 0.9514)
(120.00 -0.4883 0.9417)
(120.50 -0.4915 0.9319)
(121.00 -0.4946 0.9220)
(121.50 -0.4974 0.9120)
(122.00 -0.5000 0.9019)
(122.50 -0.5024 0.8918)
(123.00 -0.5046 0.8815)
(123.50 -0.5065 0.8712)
(124.00 -0.5082 0.8608)
(124.50 -0.5097 0.8503)
(125.00 -0.5109 0.8398)
(125.50 -0.5119 0.8292)
(126.00 -0.5127 0.8185)
(126.50 -0.5133 0.8078)
(127.00 -0.5135 0.7970)
(127.50 -0.5136 0.7862)
(128.00 -0.5134 0.7753)
(128.50 -0.5130 0.7644)
(129.00 -0.5123 0.7534)
(129.50 -0.5113 0.7424)
(130.00 -0.5102 0.7314)
(130.50 -0.5087 0.7203)
(131.00 -0.5070 0.7092)
(131.50 -0.5051 0.6981)
(132.00 -0.5028 0.6869)
(132.50 -0.5004 0.6758)
(133.00 -0.4976 0.6646)
(133.50 -0.4946 0.6534)
(134.00 -0.4913 0.6422)
(134.50 -0.4878 0.6310)
(135.00 -0.4840 0.6197)
(135.50 -0.4799 0.6085)
(136.00 -0.4755 0.5973)
(136.50 -0.4709 0.5861)
(137.00 -0.4660 0.5749)
(137.50 -0.4607 0.5638)
(138.00 -0.4553 0.5526)
(138.50 -0.4495 0.5415)
(139.00 -0.4434 0.5303)
(139.50 -0.4370 0.5193)
(140.00 -0.4304 0.5082)
(140.50 -0.4234 0.4972)
(141.00 -0.4162 0.4862)
(141.50 -0.4086 0.4753)
(142.00 -0.4007 0.4644)
(142.50 -0.3925 0.4535)
(143.00 -0.3841 0.4427)
(143.50 -0.3752 0.4320)
(144.00 -0.3661 0.4213)
(144.50 -0.3566 0.4107)
(145.00 -0.3469 0.4001)
(145.50 -0.3367 0.3897)
(146.00 -0.3263 0.3792)
(146.50 -0.3154 0.3689)
(147.00 -0.3043 0.3586)
(147.50 -0.2928 0.3484)
(148.00 -0.2809 0.3383)
(148.50 -0.2686 0.3283)
(149.00 -0.2560 0.3184)
(149.50 -0.2430 0.3086)
(150.00 -0.2296 0.2988)
(150.50 -0.2158 0.2892)
(151.00 -0.2015 0.2796)
(151.50 -0.1869 0.2702)
(152.00 -0.1718 0.2609)
(152.50 -0.1562 0.2516)
(153.00 -0.1403 0.2425)
(153.50 -0.1238 0.2335)
(154.00 -0.1068 0.2247)
(154.50 -0.0893 0.2159)
(155.00 -0.0713 0.2073)
(155.50 -0.0528 0.1988)
(156.00 -0.0337 0.1904)
(156.50 -0.0140 0.1821)
(157.00 0.0064 0.1740)
(157.50 0.0273 0.1661)
(158.00 0.0490 0.1582)
(158.50 0.0714 0.1505)
(159.00 0.0945 0.1430)
(159.50 0.1185 0.1356)
(160.00 0.1432 0.1283)
(160.50 0.1689 0.1212)
(161.00 0.1955 0.1142)
(161.50 0.2232 0.1074)
(162.00 0.2519 0.1008)
(162.50 0.2818 0.0943)
(163.00 0.3130 0.0879)
(163.50 0.3455 0.0818)
(164.00 0.3795 0.0758)
(164.50 0.4151 0.0699)
(165.00 0.4524 0.0642)
(165.50 0.4917 0.0587)
(166.00 0.5330 0.0534)
(166.50 0.5767 0.0482)
(167.00 0.6230 0.0432)
(167.50 0.6722 0.0384)
(168.00 0.7245 0.0338)
(168.50 0.7806 0.0293)
(169.00 0.8407 0.0251)
(169.50 0.9055 0.0210)
(170.00 0.9756 0.0171)
(170.50 1.0520 0.0133)
(171.00 1.1356 0.0098)
(171.50 1.2277 0.0064)
(172.00 1.3298 0.0032)
(172.50 1.4440 0.0002)
(173.00 1.5728 -0.0025)
(173.50 1.7196 -0.0052)
(174.00 1.8889 -0.0076)
(174.50 2.0867 -0.0098)
(175.00 2.3216 -0.0118)
(175.50 2.6060 -0.0137)
(176.00 2.9584 -0.0153)
(176.50 3.4080 -0.0168)
(177.00 4.0032 -0.0181)
(177.50 4.8316 -0.0191)
(178.00 6.0679 -0.0200)
(178.50 8.1200 -0.0207)
(179.00 12.2115 -0.0212)
(179.50 24.4610 -0.0215)
(180.00 24.4610 -0.0215)
