// Bound.+Viterna
// Re = 1.00E+05
// (alpha_deg cl cd)
(-180.00 -3.2071 -0.0924)
(-179.50 -3.2071 -0.0924)
(-179.00 -1.5866 -0.0921)
(-178.50 -1.0389 -0.0916)
(-178.00 -0.7595 -0.0909)
(-177.50 -0.5873 -0.0900)
(-177.00 -0.4688 -0.0889)
(-176.50 -0.3810 -0.0876)
(-176.00 -0.3123 -0.0861)
(-175.50 -0.2564 -0.0844)
(-175.00 -0.2095 -0.0825)
(-174.50 -0.1692 -0.0804)
(-174.00 -0.1337 -0.0781)
(-173.50 -0.1021 -0.0756)
(-173.00 -0.0734 -0.0730)
(-172.50 -0.0472 -0.0701)
(-172.00 -0.0229 -0.0670)
(-171.50 -0.0002 -0.0637)
(-171.00 0.0211 -0.0603)
(-170.50 0.0412 -0.0566)
(-170.00 0.0603 -0.0528)
(-169.50 0.0786 -0.0488)
(-169.00 0.0960 -0.0446)
(-168.50 0.1128 -0.0402)
(-168.00 0.1290 -0.0356)
(-167.50 0.1447 -0.0308)
(-167.00 0.1598 -0.0259)
(-166.50 0.1745 -0.0207)
(-166.00 0.1888 -0.0154)
(-165.50 0.2027 -0.0099)
(-165.00 0.2163 -0.0043)
(-164.50 0.2295 0.0016)
(-164.00 0.2423 0.0076)
(-163.50 0.2549 0.0137)
(-163.00 0.2672 0.0201)
(-162.50 0.2793 0.0266)
(-162.00 0.2910 0.0333)
(-161.50 0.3026 0.0401)
(-161.00 0.3138 0.0471)
(-160.50 0.3249 0.0543)
(-160.00 0.3357 0.0616)
(-159.50 0.3462 0.0691)
(-159.00 0.3566 0.0767)
(-158.50 0.3667 0.0845)
(-158.00 0.3767 0.0924)
(-157.50 0.3864 0.1005)
(-157.00 0.3959 0.1087)
(-156.50 0.4052 0.1171)
(-156.00 0.4143 0.1256)
(-155.50 0.4232 0.1342)
(-155.00 0.4319 0.1430)
(-154.50 0.4403 0.1519)
(-154.00 0.4486 0.1609)
(-153.50 0.4567 0.1701)
(-153.00 0.4646 0.1793)
(-152.50 0.4723 0.1887)
(-152.00 0.4798 0.1982)
(-151.50 0.4871 0.2079)
(-151.00 0.4942 0.2176)
(-150.50 0.5011 0.2274)
(-150.00 0.5078 0.2374)
(-149.50 0.5143 0.2474)
(-149.00 0.5206 0.2576)
(-148.50 0.5267 0.2678)
(-148.00 0.5326 0.2782)
(-147.50 0.5383 0.2886)
(-147.00 0.5438 0.2991)
(-146.50 0.5491 0.3097)
(-146.00 0.5542 0.3204)
(-145.50 0.5591 0.3312)
(-145.00 0.5638 0.3420)
(-144.50 0.5683 0.3530)
(-144.00 0.5726 0.3639)
(-143.50 0.5767 0.3750)
(-143.00 0.5806 0.3861)
(-142.50 0.5843 0.3973)
(-142.00 0.5878 0.4085)
(-141.50 0.5911 0.4198)
(-141.00 0.5942 0.4311)
(-140.50 0.5970 0.4425)
(-140.00 0.5997 0.4539)
(-139.50 0.6022 0.4653)
(-139.00 0.6044 0.4768)
(-138.50 0.6065 0.4883)
(-138.00 0.6083 0.4999)
(-137.50 0.6100 0.5115)
(-137.00 0.6114 0.5231)
(-136.50 0.6127 0.5347)
(-136.00 0.6137 0.5463)
(-135.50 0.6145 0.5579)
(-135.00 0.6151 0.5696)
(-134.50 0.6156 0.5812)
(-134.00 0.6158 0.5929)
(-133.50 0.6158 0.6046)
(-133.00 0.6156 0.6162)
(-132.50 0.6152 0.6278)
(-132.00 0.6146 0.6395)
(-131.50 0.6138 0.6511)
(-131.00 0.6128 0.6627)
(-130.50 0.6116 0.6743)
(-130.00 0.6102 0.6858)
(-129.50 0.6086 0.6973)
(-129.00 0.6068 0.7088)
(-128.50 0.6048 0.7203)
(-128.00 0.6026 0.7317)
(-127.50 0.6002 0.7430)
(-127.00 0.5977 0.7544)
(-126.50 0.5949 0.7656)
(-126.00 0.5919 0.7769)
(-125.50 0.5888 0.7880)
(-125.00 0.5854 0.7991)
(-124.50 0.5819 0.8102)
(-124.00 0.5782 0.8211)
(-123.50 0.5743 0.8321)
(-123.00 0.5702 0.8429)
(-122.50 0.5659 0.8537)
(-122.00 0.5614 0.8643)
(-121.50 0.5568 0.8750)
(-121.00 0.5520 0.8855)
(-120.50 0.5470 0.8959)
(-120.00 0.5418 0.9062)
(-119.50 0.5365 0.9165)
(-119.00 0.5310 0.9267)
(-118.50 0.5253 0.9367)
(-118.00 0.5194 0.9467)
(-117.50 0.5134 0.9565)
(-117.00 0.5072 0.9662)
(-116.50 0.5009 0.9759)
(-116.00 0.4944 0.9854)
(-115.50 0.4877 0.9948)
(-115.00 0.4809 1.0041)
(-114.50 0.4739 1.0132)
(-114.00 0.4668 1.0223)
(-113.50 0.4595 1.0312)
(-113.00 0.4521 1.0400)
(-112.50 0.4446 1.0486)
(-112.00 0.4369 1.0571)
(-111.50 0.4290 1.0655)
(-111.00 0.4210 1.0737)
(-110.50 0.4129 1.0818)
(-110.00 0.4047 1.0898)
(-109.50 0.3963 1.0976)
(-109.00 0.3878 1.1053)
(-108.50 0.3792 1.1128)
(-108.00 0.3704 1.1201)
(-107.50 0.3616 1.1273)
(-107.00 0.3526 1.1344)
(-106.50 0.3435 1.1413)
(-106.00 0.3343 1.1480)
(-105.50 0.3250 1.1546)
(-105.00 0.3156 1.1610)
(-104.50 0.3060 1.1672)
(-104.00 0.2964 1.1733)
(-103.50 0.2867 1.1792)
(-103.00 0.2769 1.1849)
(-102.50 0.2670 1.1905)
(-102.00 0.2570 1.1959)
(-101.50 0.2470 1.2011)
(-101.00 0.2368 1.2061)
(-100.50 0.2266 1.2110)
(-100.00 0.2163 1.2156)
(-99.50 0.2060 1.2201)
(-99.00 0.1955 1.2244)
(-98.50 0.1850 1.2286)
(-98.00 0.1745 1.2325)
(-97.50 0.1639 1.2363)
(-97.00 0.1532 1.2399)
(-96.50 0.1425 1.2433)
(-96.00 0.1317 1.2465)
(-95.50 0.1209 1.2495)
(-95.00 0.1101 1.2523)
(-94.50 0.0992 1.2549)
(-94.00 0.0882 1.2574)
(-93.50 0.0773 1.2596)
(-93.00 0.0663 1.2617)
(-92.50 0.0553 1.2635)
(-92.00 0.0443 1.2652)
(-91.50 0.0332 1.2667)
(-91.00 0.0222 1.2680)
(-90.50 0.0111 1.2691)
(-90.00 -0.0000 1.2700)
(-89.50 -0.0111 1.2707)
(-89.00 -0.0222 1.2712)
(-88.50 -0.0333 1.2716)
(-88.00 -0.0443 1.2717)
(-87.50 -0.0554 1.2716)
(-87.00 -0.0665 1.2714)
(-86.50 -0.0775 1.2709)
(-86.00 -0.0885 1.2703)
(-85.50 -0.0995 1.2694)
(-85.00 -0.1105 1.2684)
(-84.50 -0.1214 1.2672)
(-84.00 -0.1323 1.2658)
(-83.50 -0.1432 1.2642)
(-83.00 -0.1540 1.2624)
(-82.50 -0.1648 1.2604)
(-82.00 -0.1756 1.2583)
(-81.50 -0.1863 1.2559)
(-81.00 -0.1969 1.2534)
(-80.50 -0.2075 1.2507)
(-80.00 -0.2180 1.2478)
(-79.50 -0.2285 1.2447)
(-79.00 -0.2389 1.2414)
(-78.50 -0.2493 1.2380)
(-78.00 -0.2595 1.2343)
(-77.50 -0.2697 1.2305)
(-77.00 -0.2798 1.2265)
(-76.50 -0.2899 1.2224)
(-76.00 -0.2998 1.2181)
(-75.50 -0.3097 1.2135)
(-75.00 -0.3194 1.2089)
(-74.50 -0.3291 1.2040)
(-74.00 -0.3387 1.1990)
(-73.50 -0.3482 1.1938)
(-73.00 -0.3576 1.1885)
(-72.50 -0.3669 1.1830)
(-72.00 -0.3761 1.1773)
(-71.50 -0.3851 1.1715)
(-71.00 -0.3941 1.1655)
(-70.50 -0.4029 1.1594)
(-70.00 -0.4117 1.1531)
(-69.50 -0.4203 1.1466)
(-69.00 -0.4288 1.1400)
(-68.50 -0.4371 1.1333)
(-68.00 -0.4454 1.1264)
(-67.50 -0.4535 1.1194)
(-67.00 -0.4614 1.1123)
(-66.50 -0.4693 1.1050)
(-66.00 -0.4770 1.0975)
(-65.50 -0.4845 1.0900)
(-65.00 -0.4920 1.0823)
(-64.50 -0.4993 1.0744)
(-64.00 -0.5064 1.0665)
(-63.50 -0.5134 1.0584)
(-63.00 -0.5202 1.0502)
(-62.50 -0.5269 1.0419)
(-62.00 -0.5334 1.0335)
(-61.50 -0.5398 1.0250)
(-61.00 -0.5461 1.0163)
(-60.50 -0.5521 1.0076)
(-60.00 -0.5580 0.9988)
(-59.50 -0.5638 0.9898)
(-59.00 -0.5694 0.9808)
(-58.50 -0.5748 0.9716)
(-58.00 -0.5800 0.9624)
(-57.50 -0.5851 0.9531)
(-57.00 -0.5900 0.9437)
(-56.50 -0.5948 0.9342)
(-56.00 -0.5994 0.9246)
(-55.50 -0.6038 0.9150)
(-55.00 -0.6080 0.9052)
(-54.50 -0.6120 0.8955)
(-54.00 -0.6159 0.8856)
(-53.50 -0.6196 0.8757)
(-53.00 -0.6231 0.8657)
(-52.50 -0.6265 0.8557)
(-52.00 -0.6296 0.8456)
(-51.50 -0.6326 0.8354)
(-51.00 -0.6354 0.8252)
(-50.50 -0.6381 0.8150)
(-50.00 -0.6405 0.8047)
(-49.50 -0.6428 0.7944)
(-49.00 -0.6448 0.7841)
(-48.50 -0.6467 0.7737)
(-48.00 -0.6484 0.7633)
(-47.50 -0.6500 0.7528)
(-47.00 -0.6513 0.7424)
(-46.50 -0.6525 0.7319)
(-46.00 -0.6535 0.7214)
(-45.50 -0.6542 0.7109)
(-45.00 -0.6549 0.7004)
(-44.50 -0.6553 0.6899)
(-44.00 -0.6555 0.6794)
(-43.50 -0.6556 0.6689)
(-43.00 -0.6555 0.6584)
(-42.50 -0.6552 0.6479)
(-42.00 -0.6547 0.6374)
(-41.50 -0.6540 0.6269)
(-41.00 -0.6532 0.6164)
(-40.50 -0.6522 0.6060)
(-40.00 -0.6510 0.5956)
(-39.50 -0.6496 0.5852)
(-39.00 -0.6481 0.5749)
(-38.50 -0.6464 0.5646)
(-38.00 -0.6445 0.5543)
(-37.50 -0.6424 0.5440)
(-37.00 -0.6402 0.5338)
(-36.50 -0.6378 0.5237)
(-36.00 -0.6352 0.5136)
(-35.50 -0.6325 0.5036)
(-35.00 -0.6296 0.4936)
(-34.50 -0.6265 0.4837)
(-34.00 -0.6233 0.4738)
(-33.50 -0.6199 0.4640)
(-33.00 -0.6164 0.4543)
(-32.50 -0.6127 0.4447)
(-32.00 -0.6089 0.4351)
(-31.50 -0.6049 0.4256)
(-31.00 -0.6007 0.4162)
(-30.50 -0.5965 0.4069)
(-30.00 -0.5921 0.3976)
(-29.50 -0.5875 0.3885)
(-29.00 -0.5828 0.3794)
(-28.50 -0.5780 0.3704)
(-28.00 -0.5731 0.3616)
(-27.50 -0.5680 0.3528)
(-27.00 -0.5628 0.3442)
(-26.50 -0.5575 0.3356)
(-26.00 -0.5521 0.3272)
(-25.50 -0.5466 0.3189)
(-25.00 -0.5410 0.3107)
(-24.50 -0.5353 0.3026)
(-24.00 -0.5295 0.2946)
(-23.50 -0.5236 0.2868)
(-23.00 -0.5177 0.2790)
(-22.50 -0.5117 0.2715)
(-22.00 -0.5056 0.2640)
(-21.50 -0.4994 0.2567)
(-21.00 -0.4932 0.2495)
(-20.50 -0.4870 0.2424)
(-20.00 -0.4807 0.2355)
(-19.50 -0.4744 0.2287)
(-19.00 -0.4681 0.2221)
(-18.50 -0.4618 0.2156)
(-18.00 -0.4555 0.2093)
(-17.50 -0.4492 0.2031)
(-17.00 -0.4429 0.1970)
(-16.50 -0.4368 0.1911)
(-16.00 -0.4307 0.1854)
(-15.50 -0.4246 0.1798)
(-15.00 -0.4187 0.1744)
(-14.50 -0.4130 0.1692)
(-14.00 -0.4074 0.1641)
(-13.50 -0.4020 0.1592)
(-13.00 -0.3969 0.1544)
(-12.50 -0.3971 0.1498)
(-12.00 -0.3938 0.1450)
(-11.50 -0.3849 0.1397)
(-11.00 -0.3694 0.1338)
(-10.50 -0.3473 0.1273)
(-10.00 -0.3206 0.1202)
(-9.50 -0.2917 0.1128)
(-9.00 -0.2634 0.1052)
(-8.50 -0.2380 0.0975)
(-8.00 -0.2155 0.0897)
(-7.50 -0.1951 0.0817)
(-7.00 -0.1738 0.0733)
(-6.50 -0.1489 0.0646)
(-6.00 -0.1198 0.0561)
(-5.50 -0.0855 0.0482)
(-5.00 -0.0410 0.0414)
(-4.50 0.0160 0.0359)
(-4.00 0.0740 0.0311)
(-3.50 0.1226 0.0264)
(-3.00 0.1693 0.0218)
(-2.50 0.2230 0.0176)
(-2.00 0.2789 0.0143)
(-1.50 0.3330 0.0121)
(-1.00 0.3963 0.0108)
(-0.50 0.4768 0.0099)
(0.00 0.5544 0.0094)
(0.50 0.6098 0.0093)
(1.00 0.6537 0.0094)
(1.50 0.7003 0.0096)
(2.00 0.7490 0.0094)
(2.50 0.7924 0.0088)
(3.00 0.8119 0.0095)
(3.50 0.7968 0.0126)
(4.00 0.7802 0.0161)
(4.50 0.7952 0.0182)
(5.00 0.8309 0.0199)
(5.50 0.8710 0.0228)
(6.00 0.9214 0.0277)
(6.50 0.9876 0.0346)
(7.00 1.0503 0.0419)
(7.50 1.0901 0.0479)
(8.00 1.1126 0.0532)
(8.50 1.1269 0.0587)
(9.00 1.1307 0.0646)
(9.50 1.0899 0.0681)
(10.00 1.0541 0.0717)
(10.50 1.0225 0.0755)
(11.00 0.9946 0.0796)
(11.50 0.9699 0.0837)
(12.00 0.9479 0.0881)
(12.50 0.9283 0.0926)
(13.00 0.9108 0.0973)
(13.50 0.8952 0.1022)
(14.00 0.8813 0.1073)
(14.50 0.8688 0.1125)
(15.00 0.8577 0.1179)
(15.50 0.8477 0.1234)
(16.00 0.8388 0.1291)
(16.50 0.8309 0.1350)
(17.00 0.8238 0.1410)
(17.50 0.8175 0.1472)
(18.00 0.8119 0.1536)
(18.50 0.8069 0.1601)
(19.00 0.8024 0.1667)
(19.50 0.7985 0.1735)
(20.00 0.7951 0.1805)
(20.50 0.7920 0.1875)
(21.00 0.7893 0.1948)
(21.50 0.7870 0.2022)
(22.00 0.7850 0.2097)
(22.50 0.7832 0.2173)
(23.00 0.7817 0.2251)
(23.50 0.7805 0.2331)
(24.00 0.7794 0.2411)
(24.50 0.7785 0.2493)
(25.00 0.7777 0.2576)
(25.50 0.7771 0.2660)
(26.00 0.7765 0.2746)
(26.50 0.7761 0.2832)
(27.00 0.7758 0.2920)
(27.50 0.7755 0.3009)
(28.00 0.7753 0.3099)
(28.50 0.7751 0.3190)
(29.00 0.7750 0.3282)
(29.50 0.7748 0.3375)
(30.00 0.7747 0.3469)
(30.50 0.7746 0.3564)
(31.00 0.7744 0.3660)
(31.50 0.7743 0.3757)
(32.00 0.7741 0.3854)
(32.50 0.7739 0.3953)
(33.00 0.7736 0.4052)
(33.50 0.7733 0.4152)
(34.00 0.7729 0.4253)
(34.50 0.7725 0.4354)
(35.00 0.7720 0.4456)
(35.50 0.7714 0.4559)
(36.00 0.7708 0.4662)
(36.50 0.7700 0.4766)
(37.00 0.7692 0.4871)
(37.50 0.7683 0.4976)
(38.00 0.7673 0.5081)
(38.50 0.7662 0.5187)
(39.00 0.7649 0.5294)
(39.50 0.7636 0.5400)
(40.00 0.7622 0.5507)
(40.50 0.7606 0.5615)
(41.00 0.7589 0.5722)
(41.50 0.7571 0.5830)
(42.00 0.7552 0.5938)
(42.50 0.7532 0.6047)
(43.00 0.7510 0.6155)
(43.50 0.7487 0.6264)
(44.00 0.7462 0.6373)
(44.50 0.7437 0.6481)
(45.00 0.7410 0.6590)
(45.50 0.7381 0.6699)
(46.00 0.7351 0.6807)
(46.50 0.7320 0.6916)
(47.00 0.7288 0.7024)
(47.50 0.7254 0.7133)
(48.00 0.7218 0.7241)
(48.50 0.7181 0.7349)
(49.00 0.7143 0.7456)
(49.50 0.7103 0.7564)
(50.00 0.7062 0.7671)
(50.50 0.7019 0.7778)
(51.00 0.6975 0.7884)
(51.50 0.6929 0.7990)
(52.00 0.6882 0.8095)
(52.50 0.6834 0.8200)
(53.00 0.6784 0.8305)
(53.50 0.6732 0.8408)
(54.00 0.6679 0.8512)
(54.50 0.6625 0.8614)
(55.00 0.6569 0.8716)
(55.50 0.6512 0.8818)
(56.00 0.6453 0.8919)
(56.50 0.6393 0.9018)
(57.00 0.6331 0.9118)
(57.50 0.6268 0.9216)
(58.00 0.6204 0.9314)
(58.50 0.6138 0.9410)
(59.00 0.6070 0.9506)
(59.50 0.6002 0.9601)
(60.00 0.5932 0.9695)
(60.50 0.5860 0.9788)
(61.00 0.5788 0.9880)
(61.50 0.5714 0.9970)
(62.00 0.5638 1.0060)
(62.50 0.5562 1.0149)
(63.00 0.5484 1.0237)
(63.50 0.5405 1.0323)
(64.00 0.5324 1.0408)
(64.50 0.5243 1.0492)
(65.00 0.5160 1.0575)
(65.50 0.5076 1.0657)
(66.00 0.4990 1.0737)
(66.50 0.4904 1.0816)
(67.00 0.4816 1.0894)
(67.50 0.4728 1.0970)
(68.00 0.4638 1.1045)
(68.50 0.4547 1.1118)
(69.00 0.4455 1.1191)
(69.50 0.4362 1.1261)
(70.00 0.4268 1.1330)
(70.50 0.4173 1.1398)
(71.00 0.4077 1.1464)
(71.50 0.3981 1.1529)
(72.00 0.3883 1.1592)
(72.50 0.3784 1.1654)
(73.00 0.3685 1.1714)
(73.50 0.3585 1.1772)
(74.00 0.3483 1.1829)
(74.50 0.3382 1.1884)
(75.00 0.3279 1.1937)
(75.50 0.3176 1.1989)
(76.00 0.3072 1.2039)
(76.50 0.2967 1.2087)
(77.00 0.2861 1.2134)
(77.50 0.2756 1.2179)
(78.00 0.2649 1.2222)
(78.50 0.2542 1.2263)
(79.00 0.2434 1.2302)
(79.50 0.2326 1.2340)
(80.00 0.2218 1.2376)
(80.50 0.2109 1.2410)
(81.00 0.1999 1.2442)
(81.50 0.1890 1.2473)
(82.00 0.1780 1.2501)
(82.50 0.1669 1.2528)
(83.00 0.1559 1.2553)
(83.50 0.1448 1.2576)
(84.00 0.1337 1.2597)
(84.50 0.1225 1.2616)
(85.00 0.1114 1.2633)
(85.50 0.1003 1.2648)
(86.00 0.0891 1.2662)
(86.50 0.0779 1.2673)
(87.00 0.0668 1.2683)
(87.50 0.0556 1.2691)
(88.00 0.0445 1.2696)
(88.50 0.0333 1.2700)
(89.00 0.0222 1.2702)
(89.50 0.0111 1.2702)
(90.00 0.0000 1.2700)
(90.50 -0.0111 1.2696)
(91.00 -0.0221 1.2690)
(91.50 -0.0331 1.2682)
(92.00 -0.0441 1.2673)
(92.50 -0.0551 1.2661)
(93.00 -0.0660 1.2647)
(93.50 -0.0768 1.2632)
(94.00 -0.0876 1.2615)
(94.50 -0.0984 1.2595)
(95.00 -0.1091 1.2574)
(95.50 -0.1198 1.2551)
(96.00 -0.1304 1.2526)
(96.50 -0.1409 1.2499)
(97.00 -0.1514 1.2470)
(97.50 -0.1618 1.2439)
(98.00 -0.1721 1.2407)
(98.50 -0.1823 1.2372)
(99.00 -0.1925 1.2336)
(99.50 -0.2026 1.2298)
(100.00 -0.2126 1.2258)
(100.50 -0.2225 1.2216)
(101.00 -0.2323 1.2173)
(101.50 -0.2420 1.2128)
(102.00 -0.2517 1.2080)
(102.50 -0.2612 1.2032)
(103.00 -0.2706 1.1981)
(103.50 -0.2799 1.1929)
(104.00 -0.2891 1.1875)
(104.50 -0.2982 1.1819)
(105.00 -0.3071 1.1761)
(105.50 -0.3159 1.1702)
(106.00 -0.3247 1.1642)
(106.50 -0.3332 1.1579)
(107.00 -0.3417 1.1515)
(107.50 -0.3500 1.1450)
(108.00 -0.3582 1.1382)
(108.50 -0.3662 1.1314)
(109.00 -0.3741 1.1243)
(109.50 -0.3819 1.1172)
(110.00 -0.3895 1.1098)
(110.50 -0.3970 1.1024)
(111.00 -0.4043 1.0947)
(111.50 -0.4114 1.0870)
(112.00 -0.4184 1.0791)
(112.50 -0.4253 1.0710)
(113.00 -0.4319 1.0628)
(113.50 -0.4384 1.0545)
(114.00 -0.4448 1.0461)
(114.50 -0.4509 1.0375)
(115.00 -0.4569 1.0288)
(115.50 -0.4627 1.0200)
(116.00 -0.4683 1.0111)
(116.50 -0.4738 1.0020)
(117.00 -0.4791 0.9928)
(117.50 -0.4841 0.9835)
(118.00 -0.4890 0.9742)
(118.50 -0.4937 0.9647)
(119.00 -0.4982 0.9550)
(119.50 -0.5026 0.9453)
(120.00 -0.5067 0.9355)
(120.50 -0.5106 0.9256)
(121.00 -0.5143 0.9156)
(121.50 -0.5178 0.9056)
(122.00 -0.5211 0.8954)
(122.50 -0.5242 0.8851)
(123.00 -0.5271 0.8748)
(123.50 -0.5298 0.8644)
(124.00 -0.5322 0.8539)
(124.50 -0.5345 0.8433)
(125.00 -0.5365 0.8327)
(125.50 -0.5383 0.8220)
(126.00 -0.5399 0.8113)
(126.50 -0.5413 0.8005)
(127.00 -0.5424 0.7896)
(127.50 -0.5434 0.7787)
(128.00 -0.5441 0.7677)
(128.50 -0.5445 0.7567)
(129.00 -0.5448 0.7457)
(129.50 -0.5448 0.7346)
(130.00 -0.5445 0.7235)
(130.50 -0.5441 0.7123)
(131.00 -0.5434 0.7011)
(131.50 -0.5424 0.6899)
(132.00 -0.5412 0.6787)
(132.50 -0.5398 0.6674)
(133.00 -0.5382 0.6561)
(133.50 -0.5362 0.6449)
(134.00 -0.5341 0.6336)
(134.50 -0.5317 0.6223)
(135.00 -0.5290 0.6110)
(135.50 -0.5261 0.5997)
(136.00 -0.5230 0.5884)
(136.50 -0.5196 0.5771)
(137.00 -0.5159 0.5659)
(137.50 -0.5120 0.5546)
(138.00 -0.5078 0.5434)
(138.50 -0.5034 0.5322)
(139.00 -0.4987 0.5210)
(139.50 -0.4938 0.5099)
(140.00 -0.4885 0.4987)
(140.50 -0.4831 0.4876)
(141.00 -0.4773 0.4766)
(141.50 -0.4713 0.4656)
(142.00 -0.4650 0.4546)
(142.50 -0.4584 0.4437)
(143.00 -0.4516 0.4329)
(143.50 -0.4445 0.4221)
(144.00 -0.4371 0.4113)
(144.50 -0.4294 0.4006)
(145.00 -0.4214 0.3900)
(145.50 -0.4131 0.3795)
(146.00 -0.4046 0.3690)
(146.50 -0.3957 0.3586)
(147.00 -0.3866 0.3483)
(147.50 -0.3771 0.3380)
(148.00 -0.3674 0.3279)
(148.50 -0.3573 0.3178)
(149.00 -0.3469 0.3078)
(149.50 -0.3362 0.2979)
(150.00 -0.3251 0.2881)
(150.50 -0.3138 0.2784)
(151.00 -0.3021 0.2688)
(151.50 -0.2900 0.2593)
(152.00 -0.2776 0.2499)
(152.50 -0.2648 0.2407)
(153.00 -0.2517 0.2315)
(153.50 -0.2382 0.2225)
(154.00 -0.2242 0.2136)
(154.50 -0.2099 0.2047)
(155.00 -0.1952 0.1961)
(155.50 -0.1800 0.1875)
(156.00 -0.1644 0.1791)
(156.50 -0.1484 0.1708)
(157.00 -0.1318 0.1627)
(157.50 -0.1148 0.1546)
(158.00 -0.0972 0.1468)
(158.50 -0.0791 0.1390)
(159.00 -0.0605 0.1314)
(159.50 -0.0412 0.1240)
(160.00 -0.0213 0.1167)
(160.50 -0.0007 0.1095)
(161.00 0.0205 0.1025)
(161.50 0.0426 0.0957)
(162.00 0.0654 0.0890)
(162.50 0.0890 0.0825)
(163.00 0.1136 0.0761)
(163.50 0.1392 0.0699)
(164.00 0.1658 0.0639)
(164.50 0.1936 0.0580)
(165.00 0.2227 0.0523)
(165.50 0.2531 0.0468)
(166.00 0.2851 0.0414)
(166.50 0.3186 0.0362)
(167.00 0.3541 0.0312)
(167.50 0.3915 0.0264)
(168.00 0.4313 0.0217)
(168.50 0.4736 0.0172)
(169.00 0.5189 0.0129)
(169.50 0.5674 0.0088)
(170.00 0.6198 0.0049)
(170.50 0.6765 0.0011)
(171.00 0.7382 -0.0024)
(171.50 0.8060 -0.0058)
(172.00 0.8808 -0.0090)
(172.50 0.9641 -0.0120)
(173.00 1.0577 -0.0148)
(173.50 1.1639 -0.0174)
(174.00 1.2859 -0.0199)
(174.50 1.4279 -0.0221)
(175.00 1.5960 -0.0242)
(175.50 1.7988 -0.0260)
(176.00 2.0494 -0.0277)
(176.50 2.3681 -0.0291)
(177.00 2.7890 -0.0304)
(177.50 3.3735 -0.0315)
(178.00 4.2443 -0.0324)
(178.50 5.6874 -0.0331)
(179.00 8.5615 -0.0335)
(179.50 17.1595 -0.0338)
(180.00 17.1595 -0.0338)
