// Bound.+Viterna
// Re = 1.00E+05
// (alpha_deg cl cd)
(-180.00 -5.7625 -0.0850)
(-179.50 -5.7625 -0.0850)
(-179.00 -2.8641 -0.0847)
(-178.50 -1.8903 -0.0842)
(-178.00 -1.3977 -0.0835)
(-177.50 -1.0976 -0.0826)
(-177.00 -0.8937 -0.0815)
(-176.50 -0.7449 -0.0802)
(-176.00 -0.6304 -0.0787)
(-175.50 -0.5389 -0.0770)
(-175.00 -0.4635 -0.0751)
(-174.50 -0.3997 -0.0730)
(-174.00 -0.3447 -0.0708)
(-173.50 -0.2966 -0.0683)
(-173.00 -0.2537 -0.0656)
(-172.50 -0.2151 -0.0627)
(-172.00 -0.1800 -0.0597)
(-171.50 -0.1478 -0.0564)
(-171.00 -0.1180 -0.0530)
(-170.50 -0.0902 -0.0493)
(-170.00 -0.0642 -0.0455)
(-169.50 -0.0397 -0.0415)
(-169.00 -0.0166 -0.0373)
(-168.50 0.0054 -0.0329)
(-168.00 0.0264 -0.0283)
(-167.50 0.0465 -0.0236)
(-167.00 0.0657 -0.0187)
(-166.50 0.0842 -0.0135)
(-166.00 0.1020 -0.0082)
(-165.50 0.1192 -0.0028)
(-165.00 0.1359 0.0029)
(-164.50 0.1520 0.0087)
(-164.00 0.1676 0.0147)
(-163.50 0.1827 0.0209)
(-163.00 0.1975 0.0272)
(-162.50 0.2118 0.0337)
(-162.00 0.2258 0.0403)
(-161.50 0.2393 0.0472)
(-161.00 0.2526 0.0542)
(-160.50 0.2655 0.0613)
(-160.00 0.2781 0.0686)
(-159.50 0.2904 0.0761)
(-159.00 0.3024 0.0837)
(-158.50 0.3141 0.0914)
(-158.00 0.3255 0.0993)
(-157.50 0.3366 0.1074)
(-157.00 0.3475 0.1156)
(-156.50 0.3581 0.1239)
(-156.00 0.3685 0.1324)
(-155.50 0.3786 0.1410)
(-155.00 0.3885 0.1497)
(-154.50 0.3981 0.1586)
(-154.00 0.4075 0.1676)
(-153.50 0.4167 0.1767)
(-153.00 0.4256 0.1859)
(-152.50 0.4343 0.1953)
(-152.00 0.4428 0.2048)
(-151.50 0.4510 0.2144)
(-151.00 0.4590 0.2241)
(-150.50 0.4668 0.2339)
(-150.00 0.4743 0.2438)
(-149.50 0.4817 0.2538)
(-149.00 0.4888 0.2639)
(-148.50 0.4957 0.2742)
(-148.00 0.5024 0.2845)
(-147.50 0.5088 0.2949)
(-147.00 0.5150 0.3054)
(-146.50 0.5210 0.3159)
(-146.00 0.5268 0.3266)
(-145.50 0.5324 0.3373)
(-145.00 0.5378 0.3481)
(-144.50 0.5429 0.3590)
(-144.00 0.5478 0.3699)
(-143.50 0.5525 0.3809)
(-143.00 0.5570 0.3920)
(-142.50 0.5613 0.4031)
(-142.00 0.5653 0.4143)
(-141.50 0.5692 0.4256)
(-141.00 0.5728 0.4368)
(-140.50 0.5762 0.4482)
(-140.00 0.5794 0.4595)
(-139.50 0.5823 0.4710)
(-139.00 0.5851 0.4824)
(-138.50 0.5876 0.4939)
(-138.00 0.5899 0.5054)
(-137.50 0.5920 0.5169)
(-137.00 0.5939 0.5285)
(-136.50 0.5956 0.5400)
(-136.00 0.5971 0.5516)
(-135.50 0.5983 0.5632)
(-135.00 0.5994 0.5748)
(-134.50 0.6002 0.5864)
(-134.00 0.6008 0.5980)
(-133.50 0.6012 0.6097)
(-133.00 0.6014 0.6213)
(-132.50 0.6014 0.6329)
(-132.00 0.6012 0.6444)
(-131.50 0.6007 0.6560)
(-131.00 0.6001 0.6675)
(-130.50 0.5992 0.6791)
(-130.00 0.5982 0.6906)
(-129.50 0.5969 0.7020)
(-129.00 0.5954 0.7135)
(-128.50 0.5938 0.7249)
(-128.00 0.5919 0.7362)
(-127.50 0.5898 0.7475)
(-127.00 0.5876 0.7588)
(-126.50 0.5851 0.7700)
(-126.00 0.5824 0.7812)
(-125.50 0.5795 0.7923)
(-125.00 0.5765 0.8034)
(-124.50 0.5732 0.8144)
(-124.00 0.5698 0.8253)
(-123.50 0.5661 0.8361)
(-123.00 0.5623 0.8469)
(-122.50 0.5583 0.8576)
(-122.00 0.5540 0.8683)
(-121.50 0.5497 0.8788)
(-121.00 0.5451 0.8893)
(-120.50 0.5403 0.8997)
(-120.00 0.5354 0.9100)
(-119.50 0.5303 0.9201)
(-119.00 0.5250 0.9302)
(-118.50 0.5195 0.9402)
(-118.00 0.5139 0.9501)
(-117.50 0.5080 0.9599)
(-117.00 0.5021 0.9696)
(-116.50 0.4959 0.9792)
(-116.00 0.4896 0.9886)
(-115.50 0.4831 0.9980)
(-115.00 0.4765 1.0072)
(-114.50 0.4697 1.0163)
(-114.00 0.4628 1.0253)
(-113.50 0.4557 1.0341)
(-113.00 0.4484 1.0429)
(-112.50 0.4410 1.0514)
(-112.00 0.4335 1.0599)
(-111.50 0.4258 1.0682)
(-111.00 0.4180 1.0764)
(-110.50 0.4100 1.0844)
(-110.00 0.4019 1.0923)
(-109.50 0.3937 1.1001)
(-109.00 0.3853 1.1077)
(-108.50 0.3768 1.1151)
(-108.00 0.3682 1.1224)
(-107.50 0.3594 1.1296)
(-107.00 0.3506 1.1366)
(-106.50 0.3416 1.1434)
(-106.00 0.3325 1.1501)
(-105.50 0.3233 1.1566)
(-105.00 0.3140 1.1629)
(-104.50 0.3046 1.1691)
(-104.00 0.2951 1.1751)
(-103.50 0.2855 1.1809)
(-103.00 0.2757 1.1866)
(-102.50 0.2659 1.1921)
(-102.00 0.2561 1.1974)
(-101.50 0.2461 1.2026)
(-101.00 0.2360 1.2075)
(-100.50 0.2259 1.2123)
(-100.00 0.2156 1.2169)
(-99.50 0.2053 1.2214)
(-99.00 0.1950 1.2256)
(-98.50 0.1845 1.2297)
(-98.00 0.1740 1.2336)
(-97.50 0.1635 1.2373)
(-97.00 0.1529 1.2408)
(-96.50 0.1422 1.2441)
(-96.00 0.1315 1.2472)
(-95.50 0.1207 1.2502)
(-95.00 0.1099 1.2529)
(-94.50 0.0990 1.2555)
(-94.00 0.0881 1.2579)
(-93.50 0.0772 1.2601)
(-93.00 0.0662 1.2621)
(-92.50 0.0552 1.2639)
(-92.00 0.0442 1.2655)
(-91.50 0.0332 1.2669)
(-91.00 0.0221 1.2681)
(-90.50 0.0111 1.2692)
(-90.00 -0.0000 1.2700)
(-89.50 -0.0111 1.2706)
(-89.00 -0.0222 1.2711)
(-88.50 -0.0333 1.2714)
(-88.00 -0.0444 1.2714)
(-87.50 -0.0554 1.2713)
(-87.00 -0.0665 1.2710)
(-86.50 -0.0776 1.2705)
(-86.00 -0.0886 1.2698)
(-85.50 -0.0996 1.2689)
(-85.00 -0.1107 1.2678)
(-84.50 -0.1216 1.2665)
(-84.00 -0.1326 1.2650)
(-83.50 -0.1435 1.2634)
(-83.00 -0.1544 1.2615)
(-82.50 -0.1652 1.2595)
(-82.00 -0.1760 1.2572)
(-81.50 -0.1868 1.2548)
(-81.00 -0.1975 1.2522)
(-80.50 -0.2081 1.2494)
(-80.00 -0.2187 1.2465)
(-79.50 -0.2293 1.2433)
(-79.00 -0.2397 1.2400)
(-78.50 -0.2502 1.2365)
(-78.00 -0.2605 1.2328)
(-77.50 -0.2708 1.2289)
(-77.00 -0.2810 1.2249)
(-76.50 -0.2911 1.2207)
(-76.00 -0.3012 1.2163)
(-75.50 -0.3111 1.2117)
(-75.00 -0.3210 1.2070)
(-74.50 -0.3308 1.2020)
(-74.00 -0.3405 1.1970)
(-73.50 -0.3501 1.1917)
(-73.00 -0.3596 1.1863)
(-72.50 -0.3690 1.1808)
(-72.00 -0.3783 1.1750)
(-71.50 -0.3875 1.1691)
(-71.00 -0.3966 1.1631)
(-70.50 -0.4056 1.1569)
(-70.00 -0.4144 1.1505)
(-69.50 -0.4232 1.1440)
(-69.00 -0.4318 1.1374)
(-68.50 -0.4403 1.1306)
(-68.00 -0.4487 1.1237)
(-67.50 -0.4570 1.1166)
(-67.00 -0.4651 1.1094)
(-66.50 -0.4731 1.1020)
(-66.00 -0.4810 1.0945)
(-65.50 -0.4888 1.0869)
(-65.00 -0.4964 1.0791)
(-64.50 -0.5038 1.0713)
(-64.00 -0.5112 1.0632)
(-63.50 -0.5183 1.0551)
(-63.00 -0.5254 1.0469)
(-62.50 -0.5323 1.0385)
(-62.00 -0.5390 1.0300)
(-61.50 -0.5456 1.0215)
(-61.00 -0.5521 1.0128)
(-60.50 -0.5583 1.0040)
(-60.00 -0.5645 0.9950)
(-59.50 -0.5704 0.9860)
(-59.00 -0.5763 0.9769)
(-58.50 -0.5819 0.9677)
(-58.00 -0.5874 0.9585)
(-57.50 -0.5928 0.9491)
(-57.00 -0.5979 0.9396)
(-56.50 -0.6029 0.9301)
(-56.00 -0.6078 0.9205)
(-55.50 -0.6124 0.9108)
(-55.00 -0.6169 0.9010)
(-54.50 -0.6213 0.8912)
(-54.00 -0.6254 0.8812)
(-53.50 -0.6294 0.8713)
(-53.00 -0.6333 0.8612)
(-52.50 -0.6369 0.8512)
(-52.00 -0.6404 0.8410)
(-51.50 -0.6437 0.8308)
(-51.00 -0.6468 0.8206)
(-50.50 -0.6498 0.8103)
(-50.00 -0.6525 0.8000)
(-49.50 -0.6551 0.7896)
(-49.00 -0.6576 0.7792)
(-48.50 -0.6598 0.7688)
(-48.00 -0.6619 0.7583)
(-47.50 -0.6638 0.7478)
(-47.00 -0.6655 0.7373)
(-46.50 -0.6670 0.7268)
(-46.00 -0.6684 0.7163)
(-45.50 -0.6696 0.7057)
(-45.00 -0.6706 0.6952)
(-44.50 -0.6715 0.6846)
(-44.00 -0.6721 0.6741)
(-43.50 -0.6726 0.6635)
(-43.00 -0.6730 0.6529)
(-42.50 -0.6731 0.6424)
(-42.00 -0.6731 0.6319)
(-41.50 -0.6729 0.6213)
(-41.00 -0.6726 0.6108)
(-40.50 -0.6720 0.6004)
(-40.00 -0.6714 0.5899)
(-39.50 -0.6705 0.5795)
(-39.00 -0.6695 0.5691)
(-38.50 -0.6683 0.5588)
(-38.00 -0.6670 0.5484)
(-37.50 -0.6655 0.5382)
(-37.00 -0.6638 0.5279)
(-36.50 -0.6620 0.5178)
(-36.00 -0.6600 0.5076)
(-35.50 -0.6579 0.4975)
(-35.00 -0.6557 0.4875)
(-34.50 -0.6532 0.4776)
(-34.00 -0.6507 0.4677)
(-33.50 -0.6480 0.4578)
(-33.00 -0.6452 0.4481)
(-32.50 -0.6422 0.4384)
(-32.00 -0.6391 0.4288)
(-31.50 -0.6359 0.4193)
(-31.00 -0.6326 0.4098)
(-30.50 -0.6291 0.4005)
(-30.00 -0.6255 0.3912)
(-29.50 -0.6218 0.3820)
(-29.00 -0.6180 0.3729)
(-28.50 -0.6141 0.3639)
(-28.00 -0.6101 0.3550)
(-27.50 -0.6060 0.3463)
(-27.00 -0.6018 0.3376)
(-26.50 -0.5976 0.3290)
(-26.00 -0.5932 0.3205)
(-25.50 -0.5888 0.3122)
(-25.00 -0.5844 0.3040)
(-24.50 -0.5798 0.2958)
(-24.00 -0.5753 0.2878)
(-23.50 -0.5707 0.2800)
(-23.00 -0.5660 0.2722)
(-22.50 -0.5614 0.2646)
(-22.00 -0.5567 0.2571)
(-21.50 -0.5521 0.2498)
(-21.00 -0.5474 0.2425)
(-20.50 -0.5428 0.2355)
(-20.00 -0.5383 0.2285)
(-19.50 -0.5337 0.2217)
(-19.00 -0.5293 0.2151)
(-18.50 -0.5250 0.2086)
(-18.00 -0.5207 0.2022)
(-17.50 -0.5166 0.1960)
(-17.00 -0.5127 0.1899)
(-16.50 -0.5089 0.1840)
(-16.00 -0.5054 0.1783)
(-15.50 -0.5021 0.1727)
(-15.00 -0.4991 0.1673)
(-14.50 -0.4965 0.1620)
(-14.00 -0.4942 0.1569)
(-13.50 -0.4924 0.1520)
(-13.00 -0.4910 0.1472)
(-12.50 -0.4903 0.1426)
(-12.00 -0.4901 0.1381)
(-11.50 -0.4908 0.1339)
(-11.00 -0.4923 0.1298)
(-10.50 -0.4949 0.1258)
(-10.00 -0.4986 0.1221)
(-9.50 -0.4898 0.1157)
(-9.00 -0.4828 0.1093)
(-8.50 -0.4773 0.1029)
(-8.00 -0.4725 0.0964)
(-7.50 -0.4668 0.0898)
(-7.00 -0.4576 0.0828)
(-6.50 -0.4425 0.0754)
(-6.00 -0.4217 0.0676)
(-5.50 -0.3950 0.0596)
(-5.00 -0.3594 0.0516)
(-4.50 -0.3119 0.0438)
(-4.00 -0.2534 0.0369)
(-3.50 -0.1873 0.0314)
(-3.00 -0.1231 0.0264)
(-2.50 -0.0673 0.0212)
(-2.00 -0.0095 0.0167)
(-1.50 0.0599 0.0136)
(-1.00 0.1302 0.0114)
(-0.50 0.1916 0.0093)
(0.00 0.2582 0.0077)
(0.50 0.3411 0.0070)
(1.00 0.4154 0.0076)
(1.50 0.4589 0.0095)
(2.00 0.4948 0.0125)
(2.50 0.5480 0.0161)
(3.00 0.6047 0.0203)
(3.50 0.6480 0.0250)
(4.00 0.6865 0.0306)
(4.50 0.7311 0.0372)
(5.00 0.7746 0.0445)
(5.50 0.8080 0.0518)
(6.00 0.8311 0.0591)
(6.50 0.8463 0.0663)
(7.00 0.8558 0.0741)
(7.50 0.8614 0.0829)
(8.00 0.8625 0.0925)
(8.50 0.8313 0.0956)
(9.00 0.8047 0.0988)
(9.50 0.7818 0.1022)
(10.00 0.7621 0.1058)
(10.50 0.7452 0.1096)
(11.00 0.7306 0.1135)
(11.50 0.7180 0.1177)
(12.00 0.7073 0.1220)
(12.50 0.6980 0.1264)
(13.00 0.6901 0.1311)
(13.50 0.6835 0.1359)
(14.00 0.6778 0.1409)
(14.50 0.6731 0.1460)
(15.00 0.6692 0.1513)
(15.50 0.6661 0.1568)
(16.00 0.6636 0.1624)
(16.50 0.6617 0.1682)
(17.00 0.6603 0.1741)
(17.50 0.6593 0.1802)
(18.00 0.6588 0.1865)
(18.50 0.6587 0.1929)
(19.00 0.6589 0.1994)
(19.50 0.6593 0.2061)
(20.00 0.6601 0.2130)
(20.50 0.6610 0.2200)
(21.00 0.6622 0.2271)
(21.50 0.6635 0.2344)
(22.00 0.6650 0.2418)
(22.50 0.6666 0.2493)
(23.00 0.6684 0.2570)
(23.50 0.6702 0.2648)
(24.00 0.6721 0.2727)
(24.50 0.6741 0.2808)
(25.00 0.6761 0.2890)
(25.50 0.6781 0.2973)
(26.00 0.6802 0.3057)
(26.50 0.6823 0.3142)
(27.00 0.6843 0.3229)
(27.50 0.6864 0.3316)
(28.00 0.6885 0.3405)
(28.50 0.6905 0.3494)
(29.00 0.6925 0.3585)
(29.50 0.6944 0.3676)
(30.00 0.6963 0.3769)
(30.50 0.6981 0.3862)
(31.00 0.6999 0.3957)
(31.50 0.7015 0.4052)
(32.00 0.7031 0.4148)
(32.50 0.7047 0.4245)
(33.00 0.7061 0.4342)
(33.50 0.7074 0.4441)
(34.00 0.7087 0.4540)
(34.50 0.7098 0.4639)
(35.00 0.7108 0.4740)
(35.50 0.7118 0.4841)
(36.00 0.7126 0.4942)
(36.50 0.7132 0.5045)
(37.00 0.7138 0.5147)
(37.50 0.7142 0.5250)
(38.00 0.7145 0.5354)
(38.50 0.7147 0.5458)
(39.00 0.7148 0.5563)
(39.50 0.7147 0.5667)
(40.00 0.7144 0.5773)
(40.50 0.7140 0.5878)
(41.00 0.7135 0.5984)
(41.50 0.7129 0.6090)
(42.00 0.7120 0.6196)
(42.50 0.7111 0.6302)
(43.00 0.7100 0.6409)
(43.50 0.7087 0.6515)
(44.00 0.7073 0.6622)
(44.50 0.7057 0.6728)
(45.00 0.7040 0.6835)
(45.50 0.7021 0.6941)
(46.00 0.7001 0.7048)
(46.50 0.6979 0.7154)
(47.00 0.6955 0.7261)
(47.50 0.6930 0.7367)
(48.00 0.6903 0.7473)
(48.50 0.6875 0.7578)
(49.00 0.6845 0.7684)
(49.50 0.6813 0.7789)
(50.00 0.6780 0.7893)
(50.50 0.6745 0.7998)
(51.00 0.6708 0.8102)
(51.50 0.6670 0.8205)
(52.00 0.6631 0.8308)
(52.50 0.6589 0.8411)
(53.00 0.6546 0.8513)
(53.50 0.6502 0.8614)
(54.00 0.6456 0.8715)
(54.50 0.6408 0.8816)
(55.00 0.6359 0.8915)
(55.50 0.6308 0.9014)
(56.00 0.6256 0.9112)
(56.50 0.6202 0.9210)
(57.00 0.6146 0.9306)
(57.50 0.6089 0.9402)
(58.00 0.6030 0.9497)
(58.50 0.5970 0.9591)
(59.00 0.5909 0.9684)
(59.50 0.5846 0.9777)
(60.00 0.5781 0.9868)
(60.50 0.5715 0.9958)
(61.00 0.5647 1.0047)
(61.50 0.5578 1.0136)
(62.00 0.5508 1.0223)
(62.50 0.5436 1.0309)
(63.00 0.5363 1.0394)
(63.50 0.5288 1.0477)
(64.00 0.5212 1.0560)
(64.50 0.5135 1.0641)
(65.00 0.5057 1.0721)
(65.50 0.4977 1.0800)
(66.00 0.4896 1.0878)
(66.50 0.4813 1.0954)
(67.00 0.4730 1.1029)
(67.50 0.4645 1.1103)
(68.00 0.4559 1.1175)
(68.50 0.4472 1.1245)
(69.00 0.4383 1.1315)
(69.50 0.4294 1.1383)
(70.00 0.4203 1.1449)
(70.50 0.4112 1.1514)
(71.00 0.4019 1.1577)
(71.50 0.3925 1.1639)
(72.00 0.3830 1.1699)
(72.50 0.3735 1.1758)
(73.00 0.3638 1.1815)
(73.50 0.3541 1.1870)
(74.00 0.3442 1.1924)
(74.50 0.3343 1.1976)
(75.00 0.3243 1.2027)
(75.50 0.3142 1.2076)
(76.00 0.3040 1.2123)
(76.50 0.2938 1.2168)
(77.00 0.2834 1.2212)
(77.50 0.2730 1.2253)
(78.00 0.2626 1.2294)
(78.50 0.2521 1.2332)
(79.00 0.2415 1.2368)
(79.50 0.2309 1.2403)
(80.00 0.2202 1.2436)
(80.50 0.2094 1.2467)
(81.00 0.1986 1.2496)
(81.50 0.1878 1.2524)
(82.00 0.1769 1.2549)
(82.50 0.1660 1.2573)
(83.00 0.1551 1.2595)
(83.50 0.1441 1.2615)
(84.00 0.1331 1.2633)
(84.50 0.1221 1.2649)
(85.00 0.1110 1.2663)
(85.50 0.0999 1.2676)
(86.00 0.0889 1.2686)
(86.50 0.0778 1.2695)
(87.00 0.0666 1.2701)
(87.50 0.0555 1.2706)
(88.00 0.0444 1.2708)
(88.50 0.0333 1.2709)
(89.00 0.0222 1.2708)
(89.50 0.0111 1.2705)
(90.00 0.0000 1.2700)
(90.50 -0.0111 1.2693)
(91.00 -0.0221 1.2684)
(91.50 -0.0332 1.2673)
(92.00 -0.0442 1.2661)
(92.50 -0.0552 1.2646)
(93.00 -0.0661 1.2629)
(93.50 -0.0770 1.2611)
(94.00 -0.0879 1.2590)
(94.50 -0.0987 1.2568)
(95.00 -0.1095 1.2544)
(95.50 -0.1203 1.2518)
(96.00 -0.1310 1.2490)
(96.50 -0.1416 1.2460)
(97.00 -0.1522 1.2428)
(97.50 -0.1627 1.2394)
(98.00 -0.1731 1.2359)
(98.50 -0.1835 1.2321)
(99.00 -0.1938 1.2282)
(99.50 -0.2040 1.2241)
(100.00 -0.2142 1.2198)
(100.50 -0.2243 1.2153)
(101.00 -0.2343 1.2107)
(101.50 -0.2442 1.2059)
(102.00 -0.2540 1.2008)
(102.50 -0.2637 1.1957)
(103.00 -0.2733 1.1903)
(103.50 -0.2828 1.1848)
(104.00 -0.2922 1.1791)
(104.50 -0.3015 1.1732)
(105.00 -0.3107 1.1672)
(105.50 -0.3198 1.1610)
(106.00 -0.3288 1.1546)
(106.50 -0.3376 1.1481)
(107.00 -0.3464 1.1414)
(107.50 -0.3550 1.1345)
(108.00 -0.3634 1.1275)
(108.50 -0.3718 1.1204)
(109.00 -0.3800 1.1131)
(109.50 -0.3881 1.1056)
(110.00 -0.3960 1.0980)
(110.50 -0.4038 1.0902)
(111.00 -0.4115 1.0823)
(111.50 -0.4190 1.0743)
(112.00 -0.4263 1.0661)
(112.50 -0.4335 1.0578)
(113.00 -0.4406 1.0493)
(113.50 -0.4475 1.0407)
(114.00 -0.4542 1.0320)
(114.50 -0.4608 1.0232)
(115.00 -0.4672 1.0142)
(115.50 -0.4735 1.0051)
(116.00 -0.4795 0.9959)
(116.50 -0.4854 0.9866)
(117.00 -0.4912 0.9771)
(117.50 -0.4967 0.9676)
(118.00 -0.5021 0.9579)
(118.50 -0.5073 0.9481)
(119.00 -0.5123 0.9383)
(119.50 -0.5171 0.9283)
(120.00 -0.5218 0.9182)
(120.50 -0.5262 0.9081)
(121.00 -0.5305 0.8978)
(121.50 -0.5345 0.8875)
(122.00 -0.5384 0.8770)
(122.50 -0.5421 0.8665)
(123.00 -0.5456 0.8559)
(123.50 -0.5489 0.8453)
(124.00 -0.5520 0.8345)
(124.50 -0.5548 0.8237)
(125.00 -0.5575 0.8129)
(125.50 -0.5600 0.8019)
(126.00 -0.5623 0.7909)
(126.50 -0.5643 0.7799)
(127.00 -0.5662 0.7688)
(127.50 -0.5678 0.7576)
(128.00 -0.5692 0.7464)
(128.50 -0.5704 0.7352)
(129.00 -0.5714 0.7239)
(129.50 -0.5722 0.7125)
(130.00 -0.5727 0.7012)
(130.50 -0.5731 0.6898)
(131.00 -0.5732 0.6784)
(131.50 -0.5731 0.6670)
(132.00 -0.5727 0.6555)
(132.50 -0.5722 0.6440)
(133.00 -0.5714 0.6325)
(133.50 -0.5704 0.6210)
(134.00 -0.5692 0.6095)
(134.50 -0.5677 0.5980)
(135.00 -0.5660 0.5865)
(135.50 -0.5641 0.5750)
(136.00 -0.5619 0.5635)
(136.50 -0.5596 0.5520)
(137.00 -0.5569 0.5406)
(137.50 -0.5541 0.5291)
(138.00 -0.5510 0.5177)
(138.50 -0.5477 0.5063)
(139.00 -0.5441 0.4949)
(139.50 -0.5403 0.4835)
(140.00 -0.5363 0.4722)
(140.50 -0.5320 0.4609)
(141.00 -0.5275 0.4497)
(141.50 -0.5227 0.4385)
(142.00 -0.5177 0.4273)
(142.50 -0.5125 0.4163)
(143.00 -0.5070 0.4052)
(143.50 -0.5013 0.3942)
(144.00 -0.4953 0.3833)
(144.50 -0.4890 0.3724)
(145.00 -0.4826 0.3616)
(145.50 -0.4758 0.3509)
(146.00 -0.4688 0.3403)
(146.50 -0.4616 0.3297)
(147.00 -0.4541 0.3192)
(147.50 -0.4463 0.3088)
(148.00 -0.4383 0.2985)
(148.50 -0.4300 0.2883)
(149.00 -0.4215 0.2781)
(149.50 -0.4127 0.2681)
(150.00 -0.4036 0.2581)
(150.50 -0.3942 0.2483)
(151.00 -0.3846 0.2385)
(151.50 -0.3746 0.2289)
(152.00 -0.3644 0.2194)
(152.50 -0.3539 0.2100)
(153.00 -0.3431 0.2007)
(153.50 -0.3320 0.1915)
(154.00 -0.3206 0.1824)
(154.50 -0.3089 0.1735)
(155.00 -0.2968 0.1647)
(155.50 -0.2844 0.1560)
(156.00 -0.2717 0.1475)
(156.50 -0.2586 0.1390)
(157.00 -0.2452 0.1308)
(157.50 -0.2314 0.1226)
(158.00 -0.2172 0.1146)
(158.50 -0.2026 0.1068)
(159.00 -0.1876 0.0991)
(159.50 -0.1722 0.0915)
(160.00 -0.1563 0.0841)
(160.50 -0.1399 0.0769)
(161.00 -0.1230 0.0698)
(161.50 -0.1056 0.0628)
(162.00 -0.0877 0.0561)
(162.50 -0.0691 0.0494)
(163.00 -0.0499 0.0430)
(163.50 -0.0300 0.0367)
(164.00 -0.0094 0.0306)
(164.50 0.0120 0.0246)
(165.00 0.0342 0.0188)
(165.50 0.0574 0.0132)
(166.00 0.0816 0.0078)
(166.50 0.1069 0.0025)
(167.00 0.1334 -0.0025)
(167.50 0.1613 -0.0074)
(168.00 0.1907 -0.0122)
(168.50 0.2218 -0.0167)
(169.00 0.2548 -0.0211)
(169.50 0.2900 -0.0252)
(170.00 0.3277 -0.0292)
(170.50 0.3683 -0.0330)
(171.00 0.4122 -0.0366)
(171.50 0.4600 -0.0401)
(172.00 0.5124 -0.0433)
(172.50 0.5704 -0.0463)
(173.00 0.6351 -0.0492)
(173.50 0.7080 -0.0519)
(174.00 0.7912 -0.0543)
(174.50 0.8874 -0.0566)
(175.00 1.0007 -0.0587)
(175.50 1.1366 -0.0605)
(176.00 1.3035 -0.0622)
(176.50 1.5148 -0.0637)
(177.00 1.7928 -0.0650)
(177.50 2.1772 -0.0661)
(178.00 2.7480 -0.0670)
(178.50 3.6914 -0.0677)
(179.00 5.5666 -0.0682)
(179.50 11.1686 -0.0685)
(180.00 11.1686 -0.0685)
