// Bound.+Viterna
// Re = 1.00E+05
// (alpha_deg cl cd)
(-180.00 -6.6959 -0.0885)
(-179.50 -6.6959 -0.0885)
(-179.00 -3.3307 -0.0881)
(-178.50 -2.2013 -0.0876)
(-178.00 -1.6309 -0.0869)
(-177.50 -1.2840 -0.0860)
(-177.00 -1.0490 -0.0850)
(-176.50 -0.8778 -0.0837)
(-176.00 -0.7467 -0.0822)
(-175.50 -0.6421 -0.0805)
(-175.00 -0.5562 -0.0786)
(-174.50 -0.4839 -0.0765)
(-174.00 -0.4218 -0.0742)
(-173.50 -0.3676 -0.0717)
(-173.00 -0.3195 -0.0690)
(-172.50 -0.2765 -0.0662)
(-172.00 -0.2374 -0.0631)
(-171.50 -0.2017 -0.0598)
(-171.00 -0.1688 -0.0564)
(-170.50 -0.1383 -0.0527)
(-170.00 -0.1097 -0.0489)
(-169.50 -0.0830 -0.0449)
(-169.00 -0.0577 -0.0407)
(-168.50 -0.0338 -0.0363)
(-168.00 -0.0111 -0.0317)
(-167.50 0.0106 -0.0270)
(-167.00 0.0313 -0.0220)
(-166.50 0.0512 -0.0169)
(-166.00 0.0703 -0.0116)
(-165.50 0.0887 -0.0061)
(-165.00 0.1065 -0.0005)
(-164.50 0.1237 0.0054)
(-164.00 0.1403 0.0114)
(-163.50 0.1564 0.0175)
(-163.00 0.1720 0.0239)
(-162.50 0.1872 0.0304)
(-162.00 0.2019 0.0371)
(-161.50 0.2163 0.0439)
(-161.00 0.2302 0.0509)
(-160.50 0.2438 0.0580)
(-160.00 0.2570 0.0654)
(-159.50 0.2700 0.0728)
(-159.00 0.2825 0.0804)
(-158.50 0.2948 0.0882)
(-158.00 0.3068 0.0961)
(-157.50 0.3185 0.1042)
(-157.00 0.3298 0.1124)
(-156.50 0.3410 0.1207)
(-156.00 0.3518 0.1292)
(-155.50 0.3624 0.1378)
(-155.00 0.3727 0.1466)
(-154.50 0.3827 0.1555)
(-154.00 0.3925 0.1645)
(-153.50 0.4021 0.1736)
(-153.00 0.4114 0.1829)
(-152.50 0.4204 0.1922)
(-152.00 0.4292 0.2017)
(-151.50 0.4378 0.2113)
(-151.00 0.4462 0.2211)
(-150.50 0.4543 0.2309)
(-150.00 0.4621 0.2408)
(-149.50 0.4698 0.2508)
(-149.00 0.4772 0.2610)
(-148.50 0.4843 0.2712)
(-148.00 0.4913 0.2815)
(-147.50 0.4980 0.2920)
(-147.00 0.5045 0.3025)
(-146.50 0.5108 0.3130)
(-146.00 0.5168 0.3237)
(-145.50 0.5226 0.3345)
(-145.00 0.5282 0.3453)
(-144.50 0.5336 0.3562)
(-144.00 0.5387 0.3671)
(-143.50 0.5437 0.3782)
(-143.00 0.5484 0.3893)
(-142.50 0.5528 0.4004)
(-142.00 0.5571 0.4116)
(-141.50 0.5611 0.4229)
(-141.00 0.5649 0.4342)
(-140.50 0.5685 0.4455)
(-140.00 0.5719 0.4569)
(-139.50 0.5751 0.4683)
(-139.00 0.5780 0.4798)
(-138.50 0.5807 0.4913)
(-138.00 0.5832 0.5028)
(-137.50 0.5855 0.5144)
(-137.00 0.5875 0.5259)
(-136.50 0.5894 0.5375)
(-136.00 0.5910 0.5491)
(-135.50 0.5924 0.5608)
(-135.00 0.5936 0.5724)
(-134.50 0.5946 0.5840)
(-134.00 0.5953 0.5956)
(-133.50 0.5959 0.6073)
(-133.00 0.5962 0.6189)
(-132.50 0.5963 0.6305)
(-132.00 0.5963 0.6421)
(-131.50 0.5960 0.6537)
(-131.00 0.5954 0.6653)
(-130.50 0.5947 0.6768)
(-130.00 0.5938 0.6883)
(-129.50 0.5926 0.6998)
(-129.00 0.5913 0.7113)
(-128.50 0.5897 0.7227)
(-128.00 0.5880 0.7341)
(-127.50 0.5860 0.7454)
(-127.00 0.5839 0.7567)
(-126.50 0.5815 0.7680)
(-126.00 0.5789 0.7792)
(-125.50 0.5762 0.7903)
(-125.00 0.5732 0.8014)
(-124.50 0.5700 0.8124)
(-124.00 0.5667 0.8234)
(-123.50 0.5631 0.8342)
(-123.00 0.5594 0.8450)
(-122.50 0.5555 0.8558)
(-122.00 0.5514 0.8664)
(-121.50 0.5470 0.8770)
(-121.00 0.5426 0.8875)
(-120.50 0.5379 0.8979)
(-120.00 0.5330 0.9082)
(-119.50 0.5280 0.9184)
(-119.00 0.5228 0.9286)
(-118.50 0.5174 0.9386)
(-118.00 0.5118 0.9485)
(-117.50 0.5061 0.9583)
(-117.00 0.5002 0.9680)
(-116.50 0.4941 0.9776)
(-116.00 0.4879 0.9871)
(-115.50 0.4815 0.9965)
(-115.00 0.4749 1.0057)
(-114.50 0.4682 1.0149)
(-114.00 0.4613 1.0239)
(-113.50 0.4543 1.0328)
(-113.00 0.4471 1.0415)
(-112.50 0.4397 1.0501)
(-112.00 0.4322 1.0586)
(-111.50 0.4246 1.0670)
(-111.00 0.4168 1.0752)
(-110.50 0.4089 1.0832)
(-110.00 0.4009 1.0912)
(-109.50 0.3927 1.0989)
(-109.00 0.3844 1.1066)
(-108.50 0.3759 1.1140)
(-108.00 0.3674 1.1214)
(-107.50 0.3587 1.1285)
(-107.00 0.3499 1.1355)
(-106.50 0.3409 1.1424)
(-106.00 0.3319 1.1491)
(-105.50 0.3227 1.1556)
(-105.00 0.3134 1.1620)
(-104.50 0.3041 1.1682)
(-104.00 0.2946 1.1742)
(-103.50 0.2850 1.1801)
(-103.00 0.2753 1.1858)
(-102.50 0.2656 1.1913)
(-102.00 0.2557 1.1967)
(-101.50 0.2457 1.2019)
(-101.00 0.2357 1.2069)
(-100.50 0.2256 1.2117)
(-100.00 0.2154 1.2163)
(-99.50 0.2051 1.2208)
(-99.00 0.1948 1.2251)
(-98.50 0.1844 1.2292)
(-98.00 0.1739 1.2331)
(-97.50 0.1633 1.2368)
(-97.00 0.1527 1.2403)
(-96.50 0.1421 1.2437)
(-96.00 0.1314 1.2469)
(-95.50 0.1206 1.2498)
(-95.00 0.1098 1.2526)
(-94.50 0.0990 1.2552)
(-94.00 0.0881 1.2576)
(-93.50 0.0772 1.2599)
(-93.00 0.0662 1.2619)
(-92.50 0.0552 1.2637)
(-92.00 0.0442 1.2654)
(-91.50 0.0332 1.2668)
(-91.00 0.0221 1.2681)
(-90.50 0.0111 1.2691)
(-90.00 -0.0000 1.2700)
(-89.50 -0.0111 1.2707)
(-89.00 -0.0222 1.2712)
(-88.50 -0.0333 1.2714)
(-88.00 -0.0444 1.2715)
(-87.50 -0.0555 1.2714)
(-87.00 -0.0665 1.2712)
(-86.50 -0.0776 1.2707)
(-86.00 -0.0887 1.2700)
(-85.50 -0.0997 1.2691)
(-85.00 -0.1107 1.2681)
(-84.50 -0.1217 1.2668)
(-84.00 -0.1327 1.2654)
(-83.50 -0.1436 1.2637)
(-83.00 -0.1545 1.2619)
(-82.50 -0.1654 1.2599)
(-82.00 -0.1762 1.2577)
(-81.50 -0.1869 1.2553)
(-81.00 -0.1977 1.2528)
(-80.50 -0.2084 1.2500)
(-80.00 -0.2190 1.2471)
(-79.50 -0.2295 1.2440)
(-79.00 -0.2400 1.2407)
(-78.50 -0.2505 1.2372)
(-78.00 -0.2609 1.2335)
(-77.50 -0.2712 1.2297)
(-77.00 -0.2814 1.2257)
(-76.50 -0.2916 1.2215)
(-76.00 -0.3016 1.2171)
(-75.50 -0.3116 1.2126)
(-75.00 -0.3216 1.2078)
(-74.50 -0.3314 1.2030)
(-74.00 -0.3411 1.1979)
(-73.50 -0.3508 1.1927)
(-73.00 -0.3603 1.1873)
(-72.50 -0.3698 1.1818)
(-72.00 -0.3791 1.1761)
(-71.50 -0.3884 1.1702)
(-71.00 -0.3975 1.1642)
(-70.50 -0.4065 1.1580)
(-70.00 -0.4155 1.1517)
(-69.50 -0.4243 1.1453)
(-69.00 -0.4330 1.1386)
(-68.50 -0.4415 1.1319)
(-68.00 -0.4500 1.1250)
(-67.50 -0.4583 1.1179)
(-67.00 -0.4665 1.1107)
(-66.50 -0.4746 1.1034)
(-66.00 -0.4825 1.0959)
(-65.50 -0.4903 1.0883)
(-65.00 -0.4980 1.0806)
(-64.50 -0.5055 1.0727)
(-64.00 -0.5129 1.0648)
(-63.50 -0.5202 1.0567)
(-63.00 -0.5273 1.0484)
(-62.50 -0.5342 1.0401)
(-62.00 -0.5411 1.0317)
(-61.50 -0.5477 1.0231)
(-61.00 -0.5542 1.0144)
(-60.50 -0.5606 1.0057)
(-60.00 -0.5668 0.9968)
(-59.50 -0.5729 0.9878)
(-59.00 -0.5788 0.9787)
(-58.50 -0.5845 0.9696)
(-58.00 -0.5901 0.9603)
(-57.50 -0.5955 0.9509)
(-57.00 -0.6008 0.9415)
(-56.50 -0.6059 0.9320)
(-56.00 -0.6108 0.9224)
(-55.50 -0.6156 0.9127)
(-55.00 -0.6202 0.9030)
(-54.50 -0.6246 0.8932)
(-54.00 -0.6289 0.8833)
(-53.50 -0.6330 0.8733)
(-53.00 -0.6369 0.8633)
(-52.50 -0.6407 0.8533)
(-52.00 -0.6443 0.8431)
(-51.50 -0.6477 0.8330)
(-51.00 -0.6510 0.8228)
(-50.50 -0.6540 0.8125)
(-50.00 -0.6569 0.8022)
(-49.50 -0.6596 0.7918)
(-49.00 -0.6622 0.7815)
(-48.50 -0.6646 0.7711)
(-48.00 -0.6668 0.7606)
(-47.50 -0.6688 0.7502)
(-47.00 -0.6707 0.7397)
(-46.50 -0.6724 0.7292)
(-46.00 -0.6739 0.7187)
(-45.50 -0.6752 0.7081)
(-45.00 -0.6764 0.6976)
(-44.50 -0.6774 0.6871)
(-44.00 -0.6782 0.6765)
(-43.50 -0.6789 0.6660)
(-43.00 -0.6794 0.6555)
(-42.50 -0.6797 0.6449)
(-42.00 -0.6798 0.6344)
(-41.50 -0.6798 0.6239)
(-41.00 -0.6796 0.6135)
(-40.50 -0.6793 0.6030)
(-40.00 -0.6788 0.5926)
(-39.50 -0.6781 0.5822)
(-39.00 -0.6773 0.5718)
(-38.50 -0.6763 0.5615)
(-38.00 -0.6752 0.5512)
(-37.50 -0.6739 0.5409)
(-37.00 -0.6724 0.5307)
(-36.50 -0.6708 0.5205)
(-36.00 -0.6691 0.5104)
(-35.50 -0.6672 0.5004)
(-35.00 -0.6652 0.4904)
(-34.50 -0.6630 0.4804)
(-34.00 -0.6607 0.4705)
(-33.50 -0.6583 0.4607)
(-33.00 -0.6557 0.4510)
(-32.50 -0.6530 0.4413)
(-32.00 -0.6502 0.4317)
(-31.50 -0.6472 0.4222)
(-31.00 -0.6442 0.4128)
(-30.50 -0.6410 0.4034)
(-30.00 -0.6377 0.3942)
(-29.50 -0.6343 0.3850)
(-29.00 -0.6309 0.3759)
(-28.50 -0.6273 0.3670)
(-28.00 -0.6236 0.3581)
(-27.50 -0.6199 0.3493)
(-27.00 -0.6161 0.3407)
(-26.50 -0.6122 0.3321)
(-26.00 -0.6083 0.3236)
(-25.50 -0.6043 0.3153)
(-25.00 -0.6002 0.3071)
(-24.50 -0.5961 0.2990)
(-24.00 -0.5920 0.2910)
(-23.50 -0.5879 0.2831)
(-23.00 -0.5837 0.2754)
(-22.50 -0.5796 0.2678)
(-22.00 -0.5754 0.2603)
(-21.50 -0.5713 0.2530)
(-21.00 -0.5673 0.2458)
(-20.50 -0.5632 0.2387)
(-20.00 -0.5593 0.2318)
(-19.50 -0.5554 0.2250)
(-19.00 -0.5517 0.2183)
(-18.50 -0.5481 0.2118)
(-18.00 -0.5446 0.2055)
(-17.50 -0.5413 0.1993)
(-17.00 -0.5382 0.1932)
(-16.50 -0.5353 0.1873)
(-16.00 -0.5327 0.1816)
(-15.50 -0.5304 0.1760)
(-15.00 -0.5285 0.1706)
(-14.50 -0.5270 0.1653)
(-14.00 -0.5259 0.1602)
(-13.50 -0.5254 0.1553)
(-13.00 -0.5254 0.1505)
(-12.50 -0.5261 0.1459)
(-12.00 -0.5276 0.1415)
(-11.50 -0.5300 0.1373)
(-11.00 -0.5335 0.1332)
(-10.50 -0.5381 0.1292)
(-10.00 -0.5441 0.1255)
(-9.50 -0.5328 0.1187)
(-9.00 -0.5228 0.1119)
(-8.50 -0.5138 0.1050)
(-8.00 -0.5052 0.0980)
(-7.50 -0.4958 0.0908)
(-7.00 -0.4830 0.0833)
(-6.50 -0.4645 0.0754)
(-6.00 -0.4406 0.0673)
(-5.50 -0.4116 0.0591)
(-5.00 -0.3756 0.0510)
(-4.50 -0.3311 0.0432)
(-4.00 -0.2802 0.0363)
(-3.50 -0.2258 0.0306)
(-3.00 -0.1715 0.0256)
(-2.50 -0.1195 0.0210)
(-2.00 -0.0665 0.0170)
(-1.50 -0.0093 0.0139)
(-1.00 0.0502 0.0112)
(-0.50 0.1108 0.0085)
(0.00 0.1782 0.0070)
(0.50 0.2554 0.0076)
(1.00 0.3274 0.0092)
(1.50 0.3806 0.0108)
(2.00 0.4249 0.0129)
(2.50 0.4723 0.0164)
(3.00 0.5210 0.0209)
(3.50 0.5673 0.0259)
(4.00 0.6145 0.0315)
(4.50 0.6646 0.0377)
(5.00 0.7091 0.0444)
(5.50 0.7398 0.0516)
(6.00 0.7616 0.0592)
(6.50 0.7809 0.0670)
(7.00 0.7962 0.0755)
(7.50 0.8047 0.0849)
(8.00 0.8076 0.0947)
(8.50 0.7798 0.0978)
(9.00 0.7561 0.1010)
(9.50 0.7359 0.1044)
(10.00 0.7186 0.1080)
(10.50 0.7038 0.1118)
(11.00 0.6912 0.1157)
(11.50 0.6805 0.1198)
(12.00 0.6714 0.1241)
(12.50 0.6637 0.1286)
(13.00 0.6573 0.1332)
(13.50 0.6519 0.1380)
(14.00 0.6475 0.1430)
(14.50 0.6439 0.1482)
(15.00 0.6411 0.1535)
(15.50 0.6390 0.1589)
(16.00 0.6375 0.1645)
(16.50 0.6364 0.1703)
(17.00 0.6359 0.1763)
(17.50 0.6358 0.1824)
(18.00 0.6360 0.1886)
(18.50 0.6366 0.1950)
(19.00 0.6375 0.2015)
(19.50 0.6386 0.2082)
(20.00 0.6400 0.2151)
(20.50 0.6415 0.2221)
(21.00 0.6432 0.2292)
(21.50 0.6451 0.2365)
(22.00 0.6471 0.2439)
(22.50 0.6493 0.2514)
(23.00 0.6515 0.2591)
(23.50 0.6538 0.2668)
(24.00 0.6561 0.2748)
(24.50 0.6585 0.2828)
(25.00 0.6609 0.2910)
(25.50 0.6634 0.2993)
(26.00 0.6658 0.3077)
(26.50 0.6683 0.3162)
(27.00 0.6707 0.3248)
(27.50 0.6731 0.3336)
(28.00 0.6755 0.3424)
(28.50 0.6779 0.3514)
(29.00 0.6802 0.3604)
(29.50 0.6824 0.3696)
(30.00 0.6846 0.3788)
(30.50 0.6867 0.3881)
(31.00 0.6887 0.3976)
(31.50 0.6907 0.4071)
(32.00 0.6926 0.4167)
(32.50 0.6944 0.4263)
(33.00 0.6960 0.4361)
(33.50 0.6976 0.4459)
(34.00 0.6991 0.4558)
(34.50 0.7005 0.4658)
(35.00 0.7017 0.4758)
(35.50 0.7029 0.4859)
(36.00 0.7039 0.4960)
(36.50 0.7048 0.5062)
(37.00 0.7055 0.5165)
(37.50 0.7062 0.5268)
(38.00 0.7067 0.5372)
(38.50 0.7071 0.5476)
(39.00 0.7073 0.5580)
(39.50 0.7074 0.5685)
(40.00 0.7073 0.5790)
(40.50 0.7071 0.5895)
(41.00 0.7068 0.6001)
(41.50 0.7063 0.6106)
(42.00 0.7056 0.6212)
(42.50 0.7048 0.6318)
(43.00 0.7039 0.6425)
(43.50 0.7028 0.6531)
(44.00 0.7015 0.6638)
(44.50 0.7001 0.6744)
(45.00 0.6985 0.6851)
(45.50 0.6967 0.6957)
(46.00 0.6948 0.7063)
(46.50 0.6928 0.7170)
(47.00 0.6905 0.7276)
(47.50 0.6882 0.7382)
(48.00 0.6856 0.7487)
(48.50 0.6829 0.7593)
(49.00 0.6800 0.7698)
(49.50 0.6770 0.7803)
(50.00 0.6738 0.7908)
(50.50 0.6704 0.8012)
(51.00 0.6669 0.8116)
(51.50 0.6632 0.8219)
(52.00 0.6593 0.8322)
(52.50 0.6553 0.8424)
(53.00 0.6511 0.8526)
(53.50 0.6468 0.8628)
(54.00 0.6423 0.8728)
(54.50 0.6376 0.8828)
(55.00 0.6328 0.8928)
(55.50 0.6278 0.9027)
(56.00 0.6226 0.9125)
(56.50 0.6173 0.9222)
(57.00 0.6119 0.9318)
(57.50 0.6062 0.9414)
(58.00 0.6005 0.9509)
(58.50 0.5945 0.9603)
(59.00 0.5885 0.9696)
(59.50 0.5822 0.9788)
(60.00 0.5758 0.9879)
(60.50 0.5693 0.9969)
(61.00 0.5626 1.0058)
(61.50 0.5558 1.0146)
(62.00 0.5488 1.0233)
(62.50 0.5417 1.0319)
(63.00 0.5345 1.0404)
(63.50 0.5271 1.0487)
(64.00 0.5196 1.0570)
(64.50 0.5119 1.0651)
(65.00 0.5041 1.0731)
(65.50 0.4962 1.0810)
(66.00 0.4882 1.0887)
(66.50 0.4800 1.0963)
(67.00 0.4717 1.1038)
(67.50 0.4632 1.1111)
(68.00 0.4547 1.1183)
(68.50 0.4460 1.1254)
(69.00 0.4372 1.1323)
(69.50 0.4284 1.1390)
(70.00 0.4193 1.1456)
(70.50 0.4102 1.1521)
(71.00 0.4010 1.1584)
(71.50 0.3917 1.1646)
(72.00 0.3823 1.1706)
(72.50 0.3727 1.1764)
(73.00 0.3631 1.1821)
(73.50 0.3534 1.1877)
(74.00 0.3436 1.1930)
(74.50 0.3337 1.1982)
(75.00 0.3237 1.2032)
(75.50 0.3137 1.2081)
(76.00 0.3035 1.2128)
(76.50 0.2933 1.2173)
(77.00 0.2830 1.2217)
(77.50 0.2727 1.2258)
(78.00 0.2622 1.2298)
(78.50 0.2518 1.2336)
(79.00 0.2412 1.2373)
(79.50 0.2306 1.2407)
(80.00 0.2199 1.2440)
(80.50 0.2092 1.2471)
(81.00 0.1985 1.2500)
(81.50 0.1876 1.2527)
(82.00 0.1768 1.2553)
(82.50 0.1659 1.2576)
(83.00 0.1550 1.2598)
(83.50 0.1440 1.2617)
(84.00 0.1330 1.2635)
(84.50 0.1220 1.2651)
(85.00 0.1110 1.2665)
(85.50 0.0999 1.2677)
(86.00 0.0888 1.2688)
(86.50 0.0777 1.2696)
(87.00 0.0666 1.2702)
(87.50 0.0555 1.2707)
(88.00 0.0444 1.2709)
(88.50 0.0333 1.2710)
(89.00 0.0222 1.2708)
(89.50 0.0111 1.2705)
(90.00 0.0000 1.2700)
(90.50 -0.0111 1.2693)
(91.00 -0.0221 1.2684)
(91.50 -0.0332 1.2673)
(92.00 -0.0442 1.2660)
(92.50 -0.0552 1.2645)
(93.00 -0.0661 1.2628)
(93.50 -0.0771 1.2609)
(94.00 -0.0879 1.2589)
(94.50 -0.0988 1.2566)
(95.00 -0.1096 1.2542)
(95.50 -0.1203 1.2515)
(96.00 -0.1310 1.2487)
(96.50 -0.1417 1.2457)
(97.00 -0.1523 1.2425)
(97.50 -0.1628 1.2391)
(98.00 -0.1733 1.2355)
(98.50 -0.1837 1.2318)
(99.00 -0.1940 1.2278)
(99.50 -0.2043 1.2237)
(100.00 -0.2144 1.2194)
(100.50 -0.2245 1.2149)
(101.00 -0.2345 1.2103)
(101.50 -0.2445 1.2054)
(102.00 -0.2543 1.2004)
(102.50 -0.2641 1.1952)
(103.00 -0.2737 1.1898)
(103.50 -0.2833 1.1843)
(104.00 -0.2927 1.1785)
(104.50 -0.3020 1.1727)
(105.00 -0.3113 1.1666)
(105.50 -0.3204 1.1604)
(106.00 -0.3294 1.1540)
(106.50 -0.3383 1.1475)
(107.00 -0.3471 1.1407)
(107.50 -0.3557 1.1339)
(108.00 -0.3642 1.1269)
(108.50 -0.3726 1.1197)
(109.00 -0.3809 1.1123)
(109.50 -0.3890 1.1049)
(110.00 -0.3970 1.0972)
(110.50 -0.4048 1.0894)
(111.00 -0.4125 1.0815)
(111.50 -0.4201 1.0735)
(112.00 -0.4275 1.0653)
(112.50 -0.4348 1.0569)
(113.00 -0.4419 1.0484)
(113.50 -0.4488 1.0398)
(114.00 -0.4556 1.0311)
(114.50 -0.4623 1.0222)
(115.00 -0.4687 1.0133)
(115.50 -0.4751 1.0041)
(116.00 -0.4812 0.9949)
(116.50 -0.4872 0.9856)
(117.00 -0.4930 0.9761)
(117.50 -0.4986 0.9665)
(118.00 -0.5040 0.9569)
(118.50 -0.5093 0.9471)
(119.00 -0.5144 0.9372)
(119.50 -0.5193 0.9272)
(120.00 -0.5240 0.9171)
(120.50 -0.5285 0.9069)
(121.00 -0.5329 0.8967)
(121.50 -0.5370 0.8863)
(122.00 -0.5410 0.8759)
(122.50 -0.5448 0.8653)
(123.00 -0.5483 0.8547)
(123.50 -0.5517 0.8440)
(124.00 -0.5549 0.8333)
(124.50 -0.5579 0.8225)
(125.00 -0.5606 0.8116)
(125.50 -0.5632 0.8006)
(126.00 -0.5656 0.7896)
(126.50 -0.5677 0.7785)
(127.00 -0.5697 0.7674)
(127.50 -0.5714 0.7563)
(128.00 -0.5730 0.7450)
(128.50 -0.5743 0.7338)
(129.00 -0.5754 0.7225)
(129.50 -0.5763 0.7111)
(130.00 -0.5769 0.6998)
(130.50 -0.5774 0.6884)
(131.00 -0.5776 0.6769)
(131.50 -0.5776 0.6655)
(132.00 -0.5774 0.6540)
(132.50 -0.5770 0.6425)
(133.00 -0.5764 0.6310)
(133.50 -0.5755 0.6195)
(134.00 -0.5744 0.6080)
(134.50 -0.5731 0.5965)
(135.00 -0.5715 0.5849)
(135.50 -0.5697 0.5734)
(136.00 -0.5677 0.5619)
(136.50 -0.5655 0.5504)
(137.00 -0.5630 0.5389)
(137.50 -0.5604 0.5275)
(138.00 -0.5574 0.5160)
(138.50 -0.5543 0.5046)
(139.00 -0.5509 0.4932)
(139.50 -0.5473 0.4818)
(140.00 -0.5434 0.4705)
(140.50 -0.5393 0.4592)
(141.00 -0.5350 0.4480)
(141.50 -0.5304 0.4368)
(142.00 -0.5256 0.4256)
(142.50 -0.5205 0.4145)
(143.00 -0.5153 0.4034)
(143.50 -0.5097 0.3924)
(144.00 -0.5040 0.3815)
(144.50 -0.4979 0.3706)
(145.00 -0.4917 0.3598)
(145.50 -0.4852 0.3491)
(146.00 -0.4784 0.3384)
(146.50 -0.4714 0.3279)
(147.00 -0.4642 0.3174)
(147.50 -0.4567 0.3069)
(148.00 -0.4489 0.2966)
(148.50 -0.4409 0.2864)
(149.00 -0.4326 0.2762)
(149.50 -0.4241 0.2662)
(150.00 -0.4153 0.2562)
(150.50 -0.4062 0.2463)
(151.00 -0.3969 0.2366)
(151.50 -0.3872 0.2269)
(152.00 -0.3774 0.2174)
(152.50 -0.3672 0.2080)
(153.00 -0.3567 0.1987)
(153.50 -0.3460 0.1895)
(154.00 -0.3349 0.1804)
(154.50 -0.3236 0.1715)
(155.00 -0.3120 0.1627)
(155.50 -0.3000 0.1540)
(156.00 -0.2877 0.1454)
(156.50 -0.2751 0.1370)
(157.00 -0.2621 0.1287)
(157.50 -0.2488 0.1206)
(158.00 -0.2351 0.1126)
(158.50 -0.2210 0.1047)
(159.00 -0.2066 0.0970)
(159.50 -0.1917 0.0895)
(160.00 -0.1764 0.0820)
(160.50 -0.1606 0.0748)
(161.00 -0.1444 0.0677)
(161.50 -0.1277 0.0607)
(162.00 -0.1105 0.0539)
(162.50 -0.0927 0.0473)
(163.00 -0.0743 0.0409)
(163.50 -0.0552 0.0346)
(164.00 -0.0355 0.0284)
(164.50 -0.0151 0.0225)
(165.00 0.0061 0.0167)
(165.50 0.0282 0.0111)
(166.00 0.0513 0.0056)
(166.50 0.0753 0.0004)
(167.00 0.1005 -0.0047)
(167.50 0.1270 -0.0096)
(168.00 0.1549 -0.0143)
(168.50 0.1843 -0.0189)
(169.00 0.2155 -0.0233)
(169.50 0.2487 -0.0274)
(170.00 0.2842 -0.0314)
(170.50 0.3224 -0.0352)
(171.00 0.3636 -0.0388)
(171.50 0.4084 -0.0423)
(172.00 0.4575 -0.0455)
(172.50 0.5117 -0.0485)
(173.00 0.5721 -0.0514)
(173.50 0.6400 -0.0541)
(174.00 0.7175 -0.0565)
(174.50 0.8069 -0.0588)
(175.00 0.9120 -0.0609)
(175.50 1.0379 -0.0628)
(176.00 1.1923 -0.0644)
(176.50 1.3877 -0.0659)
(177.00 1.6443 -0.0672)
(177.50 1.9989 -0.0683)
(178.00 2.5250 -0.0692)
(178.50 3.3940 -0.0699)
(179.00 5.1203 -0.0704)
(179.50 10.2758 -0.0707)
(180.00 10.2758 -0.0707)
