// Bound.+Viterna
// Re = 1.00E+05
// (alpha_deg cl cd)
(-180.00 -8.5957 -0.0930)
(-179.50 -8.5957 -0.0930)
(-179.00 -4.2804 -0.0927)
(-178.50 -2.8342 -0.0922)
(-178.00 -2.1054 -0.0915)
(-177.50 -1.6634 -0.0906)
(-177.00 -1.3649 -0.0895)
(-176.50 -1.1484 -0.0882)
(-176.00 -0.9832 -0.0867)
(-175.50 -0.8521 -0.0850)
(-175.00 -0.7450 -0.0831)
(-174.50 -0.6553 -0.0810)
(-174.00 -0.5787 -0.0787)
(-173.50 -0.5122 -0.0762)
(-173.00 -0.4536 -0.0736)
(-172.50 -0.4013 -0.0707)
(-172.00 -0.3542 -0.0676)
(-171.50 -0.3114 -0.0644)
(-171.00 -0.2722 -0.0609)
(-170.50 -0.2360 -0.0572)
(-170.00 -0.2023 -0.0534)
(-169.50 -0.1709 -0.0494)
(-169.00 -0.1414 -0.0452)
(-168.50 -0.1137 -0.0408)
(-168.00 -0.0874 -0.0362)
(-167.50 -0.0624 -0.0314)
(-167.00 -0.0386 -0.0265)
(-166.50 -0.0159 -0.0213)
(-166.00 0.0058 -0.0160)
(-165.50 0.0267 -0.0105)
(-165.00 0.0467 -0.0049)
(-164.50 0.0660 0.0010)
(-164.00 0.0847 0.0070)
(-163.50 0.1027 0.0132)
(-163.00 0.1201 0.0195)
(-162.50 0.1370 0.0260)
(-162.00 0.1534 0.0327)
(-161.50 0.1693 0.0396)
(-161.00 0.1847 0.0466)
(-160.50 0.1997 0.0537)
(-160.00 0.2142 0.0611)
(-159.50 0.2284 0.0685)
(-159.00 0.2422 0.0762)
(-158.50 0.2557 0.0840)
(-158.00 0.2687 0.0919)
(-157.50 0.2815 0.1000)
(-157.00 0.2939 0.1082)
(-156.50 0.3060 0.1165)
(-156.00 0.3178 0.1250)
(-155.50 0.3293 0.1337)
(-155.00 0.3404 0.1424)
(-154.50 0.3513 0.1513)
(-154.00 0.3620 0.1604)
(-153.50 0.3723 0.1695)
(-153.00 0.3824 0.1788)
(-152.50 0.3922 0.1882)
(-152.00 0.4017 0.1977)
(-151.50 0.4110 0.2073)
(-151.00 0.4200 0.2171)
(-150.50 0.4288 0.2269)
(-150.00 0.4373 0.2369)
(-149.50 0.4455 0.2469)
(-149.00 0.4535 0.2571)
(-148.50 0.4613 0.2673)
(-148.00 0.4688 0.2777)
(-147.50 0.4761 0.2881)
(-147.00 0.4831 0.2986)
(-146.50 0.4899 0.3092)
(-146.00 0.4964 0.3199)
(-145.50 0.5028 0.3307)
(-145.00 0.5088 0.3415)
(-144.50 0.5147 0.3525)
(-144.00 0.5203 0.3634)
(-143.50 0.5257 0.3745)
(-143.00 0.5308 0.3856)
(-142.50 0.5357 0.3968)
(-142.00 0.5404 0.4080)
(-141.50 0.5448 0.4193)
(-141.00 0.5490 0.4306)
(-140.50 0.5530 0.4420)
(-140.00 0.5568 0.4534)
(-139.50 0.5603 0.4649)
(-139.00 0.5636 0.4763)
(-138.50 0.5667 0.4879)
(-138.00 0.5695 0.4994)
(-137.50 0.5721 0.5110)
(-137.00 0.5745 0.5226)
(-136.50 0.5767 0.5342)
(-136.00 0.5787 0.5459)
(-135.50 0.5804 0.5575)
(-135.00 0.5819 0.5692)
(-134.50 0.5832 0.5808)
(-134.00 0.5842 0.5925)
(-133.50 0.5851 0.6041)
(-133.00 0.5857 0.6158)
(-132.50 0.5861 0.6274)
(-132.00 0.5863 0.6391)
(-131.50 0.5862 0.6507)
(-131.00 0.5860 0.6623)
(-130.50 0.5855 0.6739)
(-130.00 0.5848 0.6854)
(-129.50 0.5839 0.6969)
(-129.00 0.5828 0.7084)
(-128.50 0.5815 0.7199)
(-128.00 0.5800 0.7313)
(-127.50 0.5783 0.7427)
(-127.00 0.5763 0.7540)
(-126.50 0.5742 0.7653)
(-126.00 0.5718 0.7765)
(-125.50 0.5693 0.7877)
(-125.00 0.5665 0.7988)
(-124.50 0.5636 0.8098)
(-124.00 0.5604 0.8208)
(-123.50 0.5571 0.8317)
(-123.00 0.5535 0.8426)
(-122.50 0.5498 0.8533)
(-122.00 0.5459 0.8640)
(-121.50 0.5417 0.8746)
(-121.00 0.5374 0.8852)
(-120.50 0.5329 0.8956)
(-120.00 0.5282 0.9059)
(-119.50 0.5234 0.9162)
(-119.00 0.5183 0.9264)
(-118.50 0.5131 0.9364)
(-118.00 0.5077 0.9464)
(-117.50 0.5021 0.9562)
(-117.00 0.4964 0.9660)
(-116.50 0.4904 0.9756)
(-116.00 0.4843 0.9851)
(-115.50 0.4781 0.9945)
(-115.00 0.4716 1.0038)
(-114.50 0.4650 1.0130)
(-114.00 0.4583 1.0220)
(-113.50 0.4514 1.0309)
(-113.00 0.4443 1.0397)
(-112.50 0.4371 1.0484)
(-112.00 0.4297 1.0569)
(-111.50 0.4222 1.0653)
(-111.00 0.4146 1.0735)
(-110.50 0.4068 1.0816)
(-110.00 0.3988 1.0896)
(-109.50 0.3907 1.0974)
(-109.00 0.3825 1.1051)
(-108.50 0.3742 1.1126)
(-108.00 0.3657 1.1200)
(-107.50 0.3571 1.1272)
(-107.00 0.3484 1.1342)
(-106.50 0.3395 1.1411)
(-106.00 0.3306 1.1478)
(-105.50 0.3215 1.1544)
(-105.00 0.3123 1.1608)
(-104.50 0.3030 1.1671)
(-104.00 0.2936 1.1731)
(-103.50 0.2841 1.1791)
(-103.00 0.2745 1.1848)
(-102.50 0.2648 1.1904)
(-102.00 0.2550 1.1957)
(-101.50 0.2451 1.2010)
(-101.00 0.2351 1.2060)
(-100.50 0.2250 1.2109)
(-100.00 0.2149 1.2155)
(-99.50 0.2047 1.2200)
(-99.00 0.1944 1.2244)
(-98.50 0.1840 1.2285)
(-98.00 0.1736 1.2324)
(-97.50 0.1631 1.2362)
(-97.00 0.1525 1.2398)
(-96.50 0.1419 1.2432)
(-96.00 0.1312 1.2464)
(-95.50 0.1205 1.2494)
(-95.00 0.1097 1.2522)
(-94.50 0.0989 1.2549)
(-94.00 0.0880 1.2573)
(-93.50 0.0771 1.2596)
(-93.00 0.0662 1.2616)
(-92.50 0.0552 1.2635)
(-92.00 0.0442 1.2652)
(-91.50 0.0332 1.2667)
(-91.00 0.0221 1.2680)
(-90.50 0.0111 1.2691)
(-90.00 -0.0000 1.2700)
(-89.50 -0.0111 1.2707)
(-89.00 -0.0222 1.2712)
(-88.50 -0.0333 1.2716)
(-88.00 -0.0444 1.2717)
(-87.50 -0.0555 1.2716)
(-87.00 -0.0666 1.2714)
(-86.50 -0.0777 1.2710)
(-86.00 -0.0887 1.2703)
(-85.50 -0.0998 1.2695)
(-85.00 -0.1108 1.2685)
(-84.50 -0.1219 1.2673)
(-84.00 -0.1328 1.2659)
(-83.50 -0.1438 1.2643)
(-83.00 -0.1547 1.2625)
(-82.50 -0.1656 1.2605)
(-82.00 -0.1765 1.2584)
(-81.50 -0.1873 1.2560)
(-81.00 -0.1981 1.2535)
(-80.50 -0.2088 1.2508)
(-80.00 -0.2195 1.2479)
(-79.50 -0.2301 1.2448)
(-79.00 -0.2407 1.2415)
(-78.50 -0.2512 1.2381)
(-78.00 -0.2616 1.2345)
(-77.50 -0.2720 1.2307)
(-77.00 -0.2823 1.2267)
(-76.50 -0.2925 1.2225)
(-76.00 -0.3026 1.2182)
(-75.50 -0.3127 1.2137)
(-75.00 -0.3227 1.2090)
(-74.50 -0.3326 1.2042)
(-74.00 -0.3424 1.1992)
(-73.50 -0.3522 1.1940)
(-73.00 -0.3618 1.1887)
(-72.50 -0.3713 1.1832)
(-72.00 -0.3808 1.1775)
(-71.50 -0.3901 1.1717)
(-71.00 -0.3994 1.1657)
(-70.50 -0.4085 1.1596)
(-70.00 -0.4175 1.1533)
(-69.50 -0.4264 1.1469)
(-69.00 -0.4352 1.1403)
(-68.50 -0.4439 1.1335)
(-68.00 -0.4525 1.1267)
(-67.50 -0.4609 1.1196)
(-67.00 -0.4692 1.1125)
(-66.50 -0.4774 1.1052)
(-66.00 -0.4855 1.0978)
(-65.50 -0.4934 1.0902)
(-65.00 -0.5012 1.0825)
(-64.50 -0.5089 1.0747)
(-64.00 -0.5164 1.0668)
(-63.50 -0.5238 1.0587)
(-63.00 -0.5311 1.0505)
(-62.50 -0.5382 1.0422)
(-62.00 -0.5452 1.0338)
(-61.50 -0.5520 1.0253)
(-61.00 -0.5587 1.0166)
(-60.50 -0.5652 1.0079)
(-60.00 -0.5716 0.9991)
(-59.50 -0.5778 0.9901)
(-59.00 -0.5839 0.9811)
(-58.50 -0.5898 0.9719)
(-58.00 -0.5956 0.9627)
(-57.50 -0.6012 0.9534)
(-57.00 -0.6067 0.9440)
(-56.50 -0.6120 0.9345)
(-56.00 -0.6171 0.9249)
(-55.50 -0.6221 0.9153)
(-55.00 -0.6269 0.9056)
(-54.50 -0.6315 0.8958)
(-54.00 -0.6360 0.8860)
(-53.50 -0.6403 0.8760)
(-53.00 -0.6445 0.8661)
(-52.50 -0.6484 0.8560)
(-52.00 -0.6523 0.8460)
(-51.50 -0.6559 0.8358)
(-51.00 -0.6594 0.8256)
(-50.50 -0.6627 0.8154)
(-50.00 -0.6659 0.8051)
(-49.50 -0.6688 0.7948)
(-49.00 -0.6717 0.7845)
(-48.50 -0.6743 0.7741)
(-48.00 -0.6768 0.7637)
(-47.50 -0.6791 0.7533)
(-47.00 -0.6812 0.7428)
(-46.50 -0.6832 0.7323)
(-46.00 -0.6850 0.7218)
(-45.50 -0.6866 0.7114)
(-45.00 -0.6881 0.7008)
(-44.50 -0.6894 0.6903)
(-44.00 -0.6906 0.6798)
(-43.50 -0.6915 0.6693)
(-43.00 -0.6924 0.6588)
(-42.50 -0.6930 0.6483)
(-42.00 -0.6935 0.6378)
(-41.50 -0.6939 0.6274)
(-41.00 -0.6940 0.6169)
(-40.50 -0.6941 0.6065)
(-40.00 -0.6939 0.5961)
(-39.50 -0.6936 0.5857)
(-39.00 -0.6932 0.5753)
(-38.50 -0.6926 0.5650)
(-38.00 -0.6919 0.5548)
(-37.50 -0.6910 0.5445)
(-37.00 -0.6900 0.5343)
(-36.50 -0.6889 0.5242)
(-36.00 -0.6876 0.5141)
(-35.50 -0.6861 0.5041)
(-35.00 -0.6846 0.4941)
(-34.50 -0.6829 0.4842)
(-34.00 -0.6811 0.4743)
(-33.50 -0.6792 0.4645)
(-33.00 -0.6771 0.4548)
(-32.50 -0.6749 0.4452)
(-32.00 -0.6727 0.4356)
(-31.50 -0.6703 0.4261)
(-31.00 -0.6678 0.4167)
(-30.50 -0.6653 0.4074)
(-30.00 -0.6626 0.3981)
(-29.50 -0.6599 0.3890)
(-29.00 -0.6570 0.3799)
(-28.50 -0.6541 0.3710)
(-28.00 -0.6512 0.3621)
(-27.50 -0.6481 0.3534)
(-27.00 -0.6451 0.3447)
(-26.50 -0.6420 0.3362)
(-26.00 -0.6388 0.3278)
(-25.50 -0.6356 0.3194)
(-25.00 -0.6324 0.3112)
(-24.50 -0.6292 0.3031)
(-24.00 -0.6260 0.2952)
(-23.50 -0.6228 0.2873)
(-23.00 -0.6197 0.2796)
(-22.50 -0.6165 0.2720)
(-22.00 -0.6135 0.2646)
(-21.50 -0.6105 0.2572)
(-21.00 -0.6076 0.2500)
(-20.50 -0.6048 0.2430)
(-20.00 -0.6021 0.2361)
(-19.50 -0.5996 0.2293)
(-19.00 -0.5972 0.2227)
(-18.50 -0.5950 0.2162)
(-18.00 -0.5931 0.2098)
(-17.50 -0.5914 0.2036)
(-17.00 -0.5900 0.1976)
(-16.50 -0.5890 0.1917)
(-16.00 -0.5883 0.1860)
(-15.50 -0.5880 0.1804)
(-15.00 -0.5883 0.1750)
(-14.50 -0.5890 0.1698)
(-14.00 -0.5904 0.1647)
(-13.50 -0.5925 0.1598)
(-13.00 -0.5954 0.1550)
(-12.50 -0.5991 0.1504)
(-12.00 -0.6039 0.1460)
(-11.50 -0.6099 0.1417)
(-11.00 -0.6172 0.1376)
(-10.50 -0.6261 0.1337)
(-10.00 -0.6367 0.1300)
(-9.50 -0.6249 0.1229)
(-9.00 -0.6137 0.1156)
(-8.50 -0.6030 0.1082)
(-8.00 -0.5917 0.1006)
(-7.50 -0.5785 0.0927)
(-7.00 -0.5608 0.0845)
(-6.50 -0.5363 0.0758)
(-6.00 -0.5050 0.0669)
(-5.50 -0.4674 0.0579)
(-5.00 -0.4227 0.0491)
(-4.50 -0.3704 0.0406)
(-4.00 -0.3113 0.0332)
(-3.50 -0.2478 0.0273)
(-3.00 -0.1879 0.0223)
(-2.50 -0.1373 0.0176)
(-2.00 -0.0878 0.0137)
(-1.50 -0.0316 0.0110)
(-1.00 0.0234 0.0089)
(-0.50 0.0701 0.0069)
(0.00 0.1202 0.0059)
(0.50 0.1844 0.0069)
(1.00 0.2508 0.0089)
(1.50 0.3062 0.0109)
(2.00 0.3545 0.0136)
(2.50 0.4031 0.0177)
(3.00 0.4546 0.0229)
(3.50 0.5094 0.0287)
(4.00 0.5632 0.0350)
(4.50 0.6114 0.0420)
(5.00 0.6537 0.0496)
(5.50 0.6906 0.0579)
(6.00 0.7213 0.0668)
(6.50 0.7447 0.0763)
(7.00 0.7608 0.0859)
(7.50 0.7705 0.0954)
(8.00 0.7762 0.1046)
(8.50 0.7807 0.1135)
(9.00 0.7856 0.1221)
(9.50 0.7922 0.1304)
(10.00 0.8004 0.1385)
(10.50 0.7815 0.1422)
(11.00 0.7652 0.1461)
(11.50 0.7511 0.1502)
(12.00 0.7388 0.1544)
(12.50 0.7282 0.1588)
(13.00 0.7191 0.1634)
(13.50 0.7112 0.1682)
(14.00 0.7045 0.1731)
(14.50 0.6988 0.1781)
(15.00 0.6939 0.1834)
(15.50 0.6899 0.1887)
(16.00 0.6866 0.1943)
(16.50 0.6839 0.2000)
(17.00 0.6817 0.2059)
(17.50 0.6801 0.2119)
(18.00 0.6789 0.2180)
(18.50 0.6781 0.2244)
(19.00 0.6777 0.2308)
(19.50 0.6776 0.2374)
(20.00 0.6778 0.2442)
(20.50 0.6782 0.2511)
(21.00 0.6789 0.2581)
(21.50 0.6797 0.2653)
(22.00 0.6807 0.2726)
(22.50 0.6819 0.2800)
(23.00 0.6832 0.2876)
(23.50 0.6846 0.2952)
(24.00 0.6862 0.3031)
(24.50 0.6877 0.3110)
(25.00 0.6894 0.3190)
(25.50 0.6911 0.3272)
(26.00 0.6928 0.3355)
(26.50 0.6946 0.3439)
(27.00 0.6963 0.3524)
(27.50 0.6981 0.3610)
(28.00 0.6998 0.3698)
(28.50 0.7016 0.3786)
(29.00 0.7033 0.3875)
(29.50 0.7049 0.3965)
(30.00 0.7066 0.4056)
(30.50 0.7081 0.4148)
(31.00 0.7096 0.4241)
(31.50 0.7111 0.4335)
(32.00 0.7125 0.4429)
(32.50 0.7137 0.4525)
(33.00 0.7150 0.4621)
(33.50 0.7161 0.4717)
(34.00 0.7171 0.4815)
(34.50 0.7180 0.4913)
(35.00 0.7189 0.5012)
(35.50 0.7196 0.5111)
(36.00 0.7202 0.5211)
(36.50 0.7207 0.5311)
(37.00 0.7211 0.5412)
(37.50 0.7213 0.5514)
(38.00 0.7215 0.5616)
(38.50 0.7215 0.5718)
(39.00 0.7213 0.5821)
(39.50 0.7211 0.5923)
(40.00 0.7207 0.6027)
(40.50 0.7202 0.6130)
(41.00 0.7195 0.6234)
(41.50 0.7187 0.6338)
(42.00 0.7177 0.6442)
(42.50 0.7166 0.6547)
(43.00 0.7154 0.6651)
(43.50 0.7139 0.6756)
(44.00 0.7124 0.6860)
(44.50 0.7107 0.6965)
(45.00 0.7088 0.7069)
(45.50 0.7068 0.7174)
(46.00 0.7047 0.7278)
(46.50 0.7023 0.7383)
(47.00 0.6999 0.7487)
(47.50 0.6972 0.7591)
(48.00 0.6944 0.7695)
(48.50 0.6915 0.7798)
(49.00 0.6884 0.7901)
(49.50 0.6851 0.8004)
(50.00 0.6817 0.8107)
(50.50 0.6781 0.8209)
(51.00 0.6743 0.8311)
(51.50 0.6704 0.8412)
(52.00 0.6664 0.8513)
(52.50 0.6621 0.8613)
(53.00 0.6578 0.8713)
(53.50 0.6532 0.8812)
(54.00 0.6485 0.8910)
(54.50 0.6437 0.9008)
(55.00 0.6386 0.9105)
(55.50 0.6335 0.9202)
(56.00 0.6281 0.9298)
(56.50 0.6227 0.9393)
(57.00 0.6170 0.9487)
(57.50 0.6112 0.9580)
(58.00 0.6053 0.9673)
(58.50 0.5992 0.9764)
(59.00 0.5930 0.9855)
(59.50 0.5866 0.9945)
(60.00 0.5801 1.0034)
(60.50 0.5734 1.0122)
(61.00 0.5666 1.0208)
(61.50 0.5596 1.0294)
(62.00 0.5525 1.0379)
(62.50 0.5453 1.0462)
(63.00 0.5379 1.0544)
(63.50 0.5304 1.0626)
(64.00 0.5227 1.0705)
(64.50 0.5149 1.0784)
(65.00 0.5070 1.0862)
(65.50 0.4990 1.0938)
(66.00 0.4908 1.1013)
(66.50 0.4825 1.1086)
(67.00 0.4741 1.1159)
(67.50 0.4656 1.1230)
(68.00 0.4569 1.1299)
(68.50 0.4481 1.1367)
(69.00 0.4393 1.1434)
(69.50 0.4303 1.1499)
(70.00 0.4212 1.1562)
(70.50 0.4120 1.1625)
(71.00 0.4027 1.1685)
(71.50 0.3932 1.1744)
(72.00 0.3837 1.1802)
(72.50 0.3741 1.1858)
(73.00 0.3644 1.1912)
(73.50 0.3546 1.1965)
(74.00 0.3448 1.2016)
(74.50 0.3348 1.2065)
(75.00 0.3247 1.2113)
(75.50 0.3146 1.2159)
(76.00 0.3044 1.2203)
(76.50 0.2941 1.2245)
(77.00 0.2838 1.2286)
(77.50 0.2734 1.2325)
(78.00 0.2629 1.2363)
(78.50 0.2523 1.2398)
(79.00 0.2417 1.2432)
(79.50 0.2311 1.2464)
(80.00 0.2204 1.2494)
(80.50 0.2096 1.2522)
(81.00 0.1988 1.2548)
(81.50 0.1880 1.2573)
(82.00 0.1771 1.2596)
(82.50 0.1661 1.2616)
(83.00 0.1552 1.2635)
(83.50 0.1442 1.2652)
(84.00 0.1332 1.2668)
(84.50 0.1221 1.2681)
(85.00 0.1111 1.2692)
(85.50 0.1000 1.2702)
(86.00 0.0889 1.2709)
(86.50 0.0778 1.2715)
(87.00 0.0667 1.2718)
(87.50 0.0555 1.2720)
(88.00 0.0444 1.2720)
(88.50 0.0333 1.2718)
(89.00 0.0222 1.2714)
(89.50 0.0111 1.2708)
(90.00 0.0000 1.2700)
(90.50 -0.0111 1.2690)
(91.00 -0.0221 1.2678)
(91.50 -0.0332 1.2665)
(92.00 -0.0442 1.2649)
(92.50 -0.0551 1.2631)
(93.00 -0.0661 1.2612)
(93.50 -0.0770 1.2591)
(94.00 -0.0879 1.2567)
(94.50 -0.0987 1.2542)
(95.00 -0.1095 1.2515)
(95.50 -0.1202 1.2486)
(96.00 -0.1309 1.2455)
(96.50 -0.1415 1.2422)
(97.00 -0.1521 1.2387)
(97.50 -0.1626 1.2351)
(98.00 -0.1730 1.2312)
(98.50 -0.1833 1.2272)
(99.00 -0.1936 1.2230)
(99.50 -0.2039 1.2186)
(100.00 -0.2140 1.2140)
(100.50 -0.2240 1.2093)
(101.00 -0.2340 1.2043)
(101.50 -0.2439 1.1992)
(102.00 -0.2537 1.1939)
(102.50 -0.2634 1.1885)
(103.00 -0.2729 1.1828)
(103.50 -0.2824 1.1770)
(104.00 -0.2918 1.1711)
(104.50 -0.3011 1.1649)
(105.00 -0.3103 1.1586)
(105.50 -0.3193 1.1521)
(106.00 -0.3282 1.1455)
(106.50 -0.3371 1.1387)
(107.00 -0.3458 1.1317)
(107.50 -0.3543 1.1246)
(108.00 -0.3628 1.1173)
(108.50 -0.3711 1.1098)
(109.00 -0.3792 1.1023)
(109.50 -0.3873 1.0945)
(110.00 -0.3952 1.0866)
(110.50 -0.4029 1.0786)
(111.00 -0.4105 1.0704)
(111.50 -0.4180 1.0621)
(112.00 -0.4253 1.0537)
(112.50 -0.4325 1.0451)
(113.00 -0.4395 1.0364)
(113.50 -0.4463 1.0275)
(114.00 -0.4530 1.0185)
(114.50 -0.4595 1.0094)
(115.00 -0.4659 1.0002)
(115.50 -0.4720 0.9908)
(116.00 -0.4781 0.9813)
(116.50 -0.4839 0.9718)
(117.00 -0.4896 0.9620)
(117.50 -0.4951 0.9522)
(118.00 -0.5004 0.9423)
(118.50 -0.5055 0.9323)
(119.00 -0.5104 0.9222)
(119.50 -0.5152 0.9119)
(120.00 -0.5198 0.9016)
(120.50 -0.5242 0.8912)
(121.00 -0.5284 0.8807)
(121.50 -0.5324 0.8701)
(122.00 -0.5362 0.8594)
(122.50 -0.5398 0.8487)
(123.00 -0.5432 0.8379)
(123.50 -0.5464 0.8270)
(124.00 -0.5494 0.8160)
(124.50 -0.5522 0.8049)
(125.00 -0.5548 0.7938)
(125.50 -0.5572 0.7826)
(126.00 -0.5593 0.7714)
(126.50 -0.5613 0.7601)
(127.00 -0.5630 0.7488)
(127.50 -0.5646 0.7374)
(128.00 -0.5659 0.7260)
(128.50 -0.5670 0.7145)
(129.00 -0.5679 0.7030)
(129.50 -0.5686 0.6914)
(130.00 -0.5690 0.6799)
(130.50 -0.5693 0.6683)
(131.00 -0.5693 0.6566)
(131.50 -0.5691 0.6450)
(132.00 -0.5686 0.6333)
(132.50 -0.5679 0.6216)
(133.00 -0.5670 0.6099)
(133.50 -0.5659 0.5982)
(134.00 -0.5646 0.5865)
(134.50 -0.5630 0.5748)
(135.00 -0.5612 0.5631)
(135.50 -0.5591 0.5513)
(136.00 -0.5568 0.5396)
(136.50 -0.5543 0.5280)
(137.00 -0.5516 0.5163)
(137.50 -0.5486 0.5046)
(138.00 -0.5453 0.4930)
(138.50 -0.5419 0.4814)
(139.00 -0.5382 0.4698)
(139.50 -0.5342 0.4583)
(140.00 -0.5300 0.4468)
(140.50 -0.5256 0.4353)
(141.00 -0.5209 0.4239)
(141.50 -0.5160 0.4125)
(142.00 -0.5108 0.4012)
(142.50 -0.5054 0.3899)
(143.00 -0.4997 0.3787)
(143.50 -0.4938 0.3676)
(144.00 -0.4876 0.3565)
(144.50 -0.4812 0.3454)
(145.00 -0.4745 0.3345)
(145.50 -0.4676 0.3236)
(146.00 -0.4604 0.3128)
(146.50 -0.4530 0.3020)
(147.00 -0.4452 0.2914)
(147.50 -0.4373 0.2808)
(148.00 -0.4290 0.2703)
(148.50 -0.4205 0.2600)
(149.00 -0.4117 0.2497)
(149.50 -0.4026 0.2395)
(150.00 -0.3933 0.2294)
(150.50 -0.3837 0.2194)
(151.00 -0.3737 0.2095)
(151.50 -0.3635 0.1997)
(152.00 -0.3530 0.1901)
(152.50 -0.3422 0.1805)
(153.00 -0.3311 0.1711)
(153.50 -0.3197 0.1618)
(154.00 -0.3080 0.1526)
(154.50 -0.2959 0.1435)
(155.00 -0.2835 0.1346)
(155.50 -0.2707 0.1258)
(156.00 -0.2576 0.1171)
(156.50 -0.2442 0.1086)
(157.00 -0.2303 0.1002)
(157.50 -0.2161 0.0920)
(158.00 -0.2015 0.0839)
(158.50 -0.1864 0.0759)
(159.00 -0.1709 0.0681)
(159.50 -0.1550 0.0605)
(160.00 -0.1386 0.0529)
(160.50 -0.1217 0.0456)
(161.00 -0.1042 0.0384)
(161.50 -0.0862 0.0314)
(162.00 -0.0676 0.0245)
(162.50 -0.0484 0.0178)
(163.00 -0.0285 0.0113)
(163.50 -0.0078 0.0049)
(164.00 0.0136 -0.0013)
(164.50 0.0358 -0.0074)
(165.00 0.0589 -0.0132)
(165.50 0.0831 -0.0189)
(166.00 0.1083 -0.0244)
(166.50 0.1347 -0.0297)
(167.00 0.1623 -0.0349)
(167.50 0.1915 -0.0398)
(168.00 0.2223 -0.0446)
(168.50 0.2548 -0.0492)
(169.00 0.2895 -0.0536)
(169.50 0.3264 -0.0579)
(170.00 0.3660 -0.0619)
(170.50 0.4087 -0.0658)
(171.00 0.4550 -0.0694)
(171.50 0.5054 -0.0729)
(172.00 0.5608 -0.0762)
(172.50 0.6220 -0.0792)
(173.00 0.6905 -0.0821)
(173.50 0.7678 -0.0848)
(174.00 0.8561 -0.0873)
(174.50 0.9583 -0.0896)
(175.00 1.0788 -0.0917)
(175.50 1.2234 -0.0936)
(176.00 1.4013 -0.0953)
(176.50 1.6267 -0.0968)
(177.00 1.9234 -0.0981)
(177.50 2.3341 -0.0992)
(178.00 2.9442 -0.1001)
(178.50 3.9532 -0.1008)
(179.00 5.9593 -0.1013)
(179.50 11.9542 -0.1017)
(180.00 11.9542 -0.1017)
