// Bound.+Viterna
// Re = 1.00E+05
// (alpha_deg cl cd)
(-180.00 -9.1907 -0.0972)
(-179.50 -9.1907 -0.0972)
(-179.00 -4.5778 -0.0969)
(-178.50 -3.0325 -0.0964)
(-178.00 -2.2540 -0.0957)
(-177.50 -1.7822 -0.0948)
(-177.00 -1.4638 -0.0937)
(-176.50 -1.2332 -0.0924)
(-176.00 -1.0573 -0.0909)
(-175.50 -0.9179 -0.0892)
(-175.00 -0.8041 -0.0873)
(-174.50 -0.7090 -0.0852)
(-174.00 -0.6278 -0.0829)
(-173.50 -0.5575 -0.0804)
(-173.00 -0.4955 -0.0777)
(-172.50 -0.4404 -0.0748)
(-172.00 -0.3908 -0.0717)
(-171.50 -0.3458 -0.0685)
(-171.00 -0.3046 -0.0650)
(-170.50 -0.2666 -0.0614)
(-170.00 -0.2313 -0.0575)
(-169.50 -0.1985 -0.0535)
(-169.00 -0.1677 -0.0493)
(-168.50 -0.1387 -0.0449)
(-168.00 -0.1113 -0.0403)
(-167.50 -0.0853 -0.0355)
(-167.00 -0.0606 -0.0305)
(-166.50 -0.0370 -0.0254)
(-166.00 -0.0144 -0.0201)
(-165.50 0.0072 -0.0146)
(-165.00 0.0280 -0.0089)
(-164.50 0.0480 -0.0030)
(-164.00 0.0673 0.0030)
(-163.50 0.0859 0.0092)
(-163.00 0.1039 0.0155)
(-162.50 0.1213 0.0221)
(-162.00 0.1382 0.0288)
(-161.50 0.1545 0.0356)
(-161.00 0.1704 0.0426)
(-160.50 0.1858 0.0498)
(-160.00 0.2008 0.0571)
(-159.50 0.2154 0.0646)
(-159.00 0.2296 0.0723)
(-158.50 0.2434 0.0801)
(-158.00 0.2568 0.0880)
(-157.50 0.2699 0.0961)
(-157.00 0.2826 0.1043)
(-156.50 0.2950 0.1127)
(-156.00 0.3071 0.1212)
(-155.50 0.3189 0.1299)
(-155.00 0.3304 0.1387)
(-154.50 0.3415 0.1476)
(-154.00 0.3524 0.1566)
(-153.50 0.3630 0.1658)
(-153.00 0.3733 0.1751)
(-152.50 0.3833 0.1845)
(-152.00 0.3931 0.1940)
(-151.50 0.4026 0.2037)
(-151.00 0.4118 0.2134)
(-150.50 0.4208 0.2233)
(-150.00 0.4295 0.2333)
(-149.50 0.4379 0.2433)
(-149.00 0.4461 0.2535)
(-148.50 0.4541 0.2638)
(-148.00 0.4617 0.2741)
(-147.50 0.4692 0.2846)
(-147.00 0.4764 0.2951)
(-146.50 0.4833 0.3058)
(-146.00 0.4901 0.3165)
(-145.50 0.4965 0.3273)
(-145.00 0.5028 0.3381)
(-144.50 0.5087 0.3491)
(-144.00 0.5145 0.3601)
(-143.50 0.5200 0.3711)
(-143.00 0.5253 0.3823)
(-142.50 0.5303 0.3935)
(-142.00 0.5351 0.4047)
(-141.50 0.5397 0.4160)
(-141.00 0.5441 0.4274)
(-140.50 0.5482 0.4388)
(-140.00 0.5520 0.4502)
(-139.50 0.5557 0.4617)
(-139.00 0.5591 0.4732)
(-138.50 0.5623 0.4848)
(-138.00 0.5652 0.4963)
(-137.50 0.5680 0.5079)
(-137.00 0.5705 0.5196)
(-136.50 0.5727 0.5312)
(-136.00 0.5748 0.5429)
(-135.50 0.5766 0.5545)
(-135.00 0.5782 0.5662)
(-134.50 0.5796 0.5779)
(-134.00 0.5807 0.5896)
(-133.50 0.5817 0.6013)
(-133.00 0.5824 0.6129)
(-132.50 0.5829 0.6246)
(-132.00 0.5831 0.6363)
(-131.50 0.5832 0.6479)
(-131.00 0.5830 0.6596)
(-130.50 0.5826 0.6712)
(-130.00 0.5820 0.6827)
(-129.50 0.5812 0.6943)
(-129.00 0.5802 0.7058)
(-128.50 0.5790 0.7173)
(-128.00 0.5775 0.7287)
(-127.50 0.5759 0.7401)
(-127.00 0.5740 0.7515)
(-126.50 0.5719 0.7628)
(-126.00 0.5696 0.7740)
(-125.50 0.5671 0.7852)
(-125.00 0.5645 0.7964)
(-124.50 0.5616 0.8075)
(-124.00 0.5585 0.8185)
(-123.50 0.5552 0.8294)
(-123.00 0.5517 0.8403)
(-122.50 0.5480 0.8511)
(-122.00 0.5441 0.8618)
(-121.50 0.5401 0.8725)
(-121.00 0.5358 0.8830)
(-120.50 0.5314 0.8935)
(-120.00 0.5267 0.9039)
(-119.50 0.5219 0.9141)
(-119.00 0.5169 0.9243)
(-118.50 0.5118 0.9344)
(-118.00 0.5064 0.9444)
(-117.50 0.5009 0.9543)
(-117.00 0.4951 0.9641)
(-116.50 0.4893 0.9737)
(-116.00 0.4832 0.9833)
(-115.50 0.4770 0.9927)
(-115.00 0.4706 1.0021)
(-114.50 0.4641 1.0113)
(-114.00 0.4574 1.0203)
(-113.50 0.4505 1.0293)
(-113.00 0.4435 1.0381)
(-112.50 0.4363 1.0468)
(-112.00 0.4290 1.0553)
(-111.50 0.4215 1.0638)
(-111.00 0.4139 1.0720)
(-110.50 0.4061 1.0802)
(-110.00 0.3982 1.0882)
(-109.50 0.3901 1.0960)
(-109.00 0.3819 1.1037)
(-108.50 0.3736 1.1113)
(-108.00 0.3652 1.1187)
(-107.50 0.3566 1.1259)
(-107.00 0.3479 1.1330)
(-106.50 0.3391 1.1399)
(-106.00 0.3302 1.1467)
(-105.50 0.3211 1.1533)
(-105.00 0.3119 1.1597)
(-104.50 0.3027 1.1660)
(-104.00 0.2933 1.1721)
(-103.50 0.2838 1.1781)
(-103.00 0.2742 1.1839)
(-102.50 0.2645 1.1894)
(-102.00 0.2547 1.1949)
(-101.50 0.2449 1.2001)
(-101.00 0.2349 1.2052)
(-100.50 0.2249 1.2101)
(-100.00 0.2147 1.2148)
(-99.50 0.2045 1.2193)
(-99.00 0.1942 1.2237)
(-98.50 0.1839 1.2279)
(-98.00 0.1735 1.2319)
(-97.50 0.1630 1.2357)
(-97.00 0.1524 1.2393)
(-96.50 0.1418 1.2427)
(-96.00 0.1311 1.2460)
(-95.50 0.1204 1.2490)
(-95.00 0.1097 1.2519)
(-94.50 0.0988 1.2545)
(-94.00 0.0880 1.2570)
(-93.50 0.0771 1.2593)
(-93.00 0.0662 1.2614)
(-92.50 0.0552 1.2633)
(-92.00 0.0442 1.2651)
(-91.50 0.0332 1.2666)
(-91.00 0.0221 1.2679)
(-90.50 0.0111 1.2691)
(-90.00 -0.0000 1.2700)
(-89.50 -0.0111 1.2708)
(-89.00 -0.0222 1.2713)
(-88.50 -0.0333 1.2717)
(-88.00 -0.0444 1.2718)
(-87.50 -0.0555 1.2718)
(-87.00 -0.0666 1.2716)
(-86.50 -0.0777 1.2712)
(-86.00 -0.0888 1.2706)
(-85.50 -0.0998 1.2698)
(-85.00 -0.1109 1.2688)
(-84.50 -0.1219 1.2677)
(-84.00 -0.1329 1.2663)
(-83.50 -0.1439 1.2647)
(-83.00 -0.1548 1.2630)
(-82.50 -0.1657 1.2611)
(-82.00 -0.1766 1.2589)
(-81.50 -0.1874 1.2566)
(-81.00 -0.1982 1.2541)
(-80.50 -0.2090 1.2515)
(-80.00 -0.2196 1.2486)
(-79.50 -0.2303 1.2456)
(-79.00 -0.2409 1.2423)
(-78.50 -0.2514 1.2389)
(-78.00 -0.2618 1.2353)
(-77.50 -0.2722 1.2316)
(-77.00 -0.2825 1.2276)
(-76.50 -0.2928 1.2235)
(-76.00 -0.3030 1.2192)
(-75.50 -0.3131 1.2147)
(-75.00 -0.3231 1.2101)
(-74.50 -0.3330 1.2053)
(-74.00 -0.3428 1.2003)
(-73.50 -0.3526 1.1952)
(-73.00 -0.3623 1.1899)
(-72.50 -0.3718 1.1844)
(-72.00 -0.3813 1.1788)
(-71.50 -0.3907 1.1730)
(-71.00 -0.3999 1.1671)
(-70.50 -0.4091 1.1610)
(-70.00 -0.4182 1.1547)
(-69.50 -0.4271 1.1483)
(-69.00 -0.4359 1.1418)
(-68.50 -0.4447 1.1351)
(-68.00 -0.4533 1.1282)
(-67.50 -0.4617 1.1212)
(-67.00 -0.4701 1.1141)
(-66.50 -0.4783 1.1069)
(-66.00 -0.4864 1.0995)
(-65.50 -0.4944 1.0919)
(-65.00 -0.5023 1.0843)
(-64.50 -0.5100 1.0765)
(-64.00 -0.5176 1.0686)
(-63.50 -0.5250 1.0606)
(-63.00 -0.5323 1.0524)
(-62.50 -0.5395 1.0441)
(-62.00 -0.5465 1.0358)
(-61.50 -0.5534 1.0273)
(-61.00 -0.5601 1.0187)
(-60.50 -0.5667 1.0100)
(-60.00 -0.5731 1.0011)
(-59.50 -0.5794 0.9922)
(-59.00 -0.5855 0.9832)
(-58.50 -0.5915 0.9741)
(-58.00 -0.5973 0.9649)
(-57.50 -0.6030 0.9556)
(-57.00 -0.6085 0.9463)
(-56.50 -0.6139 0.9368)
(-56.00 -0.6191 0.9273)
(-55.50 -0.6241 0.9177)
(-55.00 -0.6290 0.9080)
(-54.50 -0.6337 0.8982)
(-54.00 -0.6382 0.8884)
(-53.50 -0.6426 0.8785)
(-53.00 -0.6468 0.8686)
(-52.50 -0.6509 0.8586)
(-52.00 -0.6548 0.8485)
(-51.50 -0.6585 0.8384)
(-51.00 -0.6620 0.8282)
(-50.50 -0.6654 0.8180)
(-50.00 -0.6687 0.8078)
(-49.50 -0.6717 0.7975)
(-49.00 -0.6746 0.7872)
(-48.50 -0.6773 0.7768)
(-48.00 -0.6799 0.7665)
(-47.50 -0.6823 0.7561)
(-47.00 -0.6845 0.7456)
(-46.50 -0.6866 0.7352)
(-46.00 -0.6885 0.7247)
(-45.50 -0.6902 0.7143)
(-45.00 -0.6918 0.7038)
(-44.50 -0.6932 0.6933)
(-44.00 -0.6944 0.6828)
(-43.50 -0.6955 0.6723)
(-43.00 -0.6964 0.6619)
(-42.50 -0.6972 0.6514)
(-42.00 -0.6978 0.6409)
(-41.50 -0.6982 0.6305)
(-41.00 -0.6985 0.6200)
(-40.50 -0.6987 0.6096)
(-40.00 -0.6987 0.5993)
(-39.50 -0.6985 0.5889)
(-39.00 -0.6982 0.5786)
(-38.50 -0.6977 0.5683)
(-38.00 -0.6971 0.5580)
(-37.50 -0.6964 0.5478)
(-37.00 -0.6955 0.5377)
(-36.50 -0.6945 0.5275)
(-36.00 -0.6933 0.5175)
(-35.50 -0.6921 0.5075)
(-35.00 -0.6907 0.4975)
(-34.50 -0.6891 0.4876)
(-34.00 -0.6875 0.4778)
(-33.50 -0.6857 0.4680)
(-33.00 -0.6838 0.4583)
(-32.50 -0.6818 0.4487)
(-32.00 -0.6797 0.4391)
(-31.50 -0.6775 0.4297)
(-31.00 -0.6752 0.4203)
(-30.50 -0.6729 0.4110)
(-30.00 -0.6704 0.4017)
(-29.50 -0.6678 0.3926)
(-29.00 -0.6652 0.3836)
(-28.50 -0.6625 0.3746)
(-28.00 -0.6598 0.3658)
(-27.50 -0.6570 0.3571)
(-27.00 -0.6542 0.3484)
(-26.50 -0.6513 0.3399)
(-26.00 -0.6484 0.3315)
(-25.50 -0.6455 0.3232)
(-25.00 -0.6425 0.3150)
(-24.50 -0.6396 0.3069)
(-24.00 -0.6367 0.2990)
(-23.50 -0.6338 0.2911)
(-23.00 -0.6309 0.2834)
(-22.50 -0.6281 0.2759)
(-22.00 -0.6254 0.2684)
(-21.50 -0.6228 0.2611)
(-21.00 -0.6202 0.2539)
(-20.50 -0.6178 0.2469)
(-20.00 -0.6155 0.2400)
(-19.50 -0.6134 0.2332)
(-19.00 -0.6115 0.2266)
(-18.50 -0.6098 0.2201)
(-18.00 -0.6083 0.2138)
(-17.50 -0.6071 0.2076)
(-17.00 -0.6063 0.2016)
(-16.50 -0.6058 0.1957)
(-16.00 -0.6057 0.1900)
(-15.50 -0.6061 0.1844)
(-15.00 -0.6070 0.1790)
(-14.50 -0.6085 0.1738)
(-14.00 -0.6106 0.1687)
(-13.50 -0.6135 0.1638)
(-13.00 -0.6173 0.1591)
(-12.50 -0.6220 0.1545)
(-12.00 -0.6278 0.1501)
(-11.50 -0.6349 0.1458)
(-11.00 -0.6434 0.1417)
(-10.50 -0.6536 0.1378)
(-10.00 -0.6657 0.1341)
(-9.50 -0.6538 0.1269)
(-9.00 -0.6425 0.1195)
(-8.50 -0.6315 0.1120)
(-8.00 -0.6201 0.1042)
(-7.50 -0.6069 0.0962)
(-7.00 -0.5893 0.0878)
(-6.50 -0.5649 0.0789)
(-6.00 -0.5339 0.0698)
(-5.50 -0.4967 0.0606)
(-5.00 -0.4522 0.0517)
(-4.50 -0.3999 0.0432)
(-4.00 -0.3424 0.0356)
(-3.50 -0.2828 0.0291)
(-3.00 -0.2226 0.0235)
(-2.50 -0.1630 0.0188)
(-2.00 -0.1062 0.0149)
(-1.50 -0.0532 0.0119)
(-1.00 -0.0007 0.0093)
(-0.50 0.0545 0.0071)
(0.00 0.1095 0.0061)
(0.50 0.1614 0.0072)
(1.00 0.2143 0.0094)
(1.50 0.2715 0.0116)
(2.00 0.3272 0.0143)
(2.50 0.3764 0.0183)
(3.00 0.4263 0.0232)
(3.50 0.4834 0.0286)
(4.00 0.5402 0.0349)
(4.50 0.5883 0.0422)
(5.00 0.6301 0.0503)
(5.50 0.6694 0.0587)
(6.00 0.7036 0.0676)
(6.50 0.7297 0.0771)
(7.00 0.7480 0.0869)
(7.50 0.7598 0.0964)
(8.00 0.7676 0.1056)
(8.50 0.7737 0.1144)
(9.00 0.7799 0.1230)
(9.50 0.7873 0.1313)
(10.00 0.7960 0.1394)
(10.50 0.7774 0.1431)
(11.00 0.7612 0.1470)
(11.50 0.7473 0.1511)
(12.00 0.7352 0.1553)
(12.50 0.7248 0.1597)
(13.00 0.7158 0.1643)
(13.50 0.7080 0.1690)
(14.00 0.7014 0.1739)
(14.50 0.6958 0.1790)
(15.00 0.6911 0.1842)
(15.50 0.6872 0.1896)
(16.00 0.6839 0.1952)
(16.50 0.6813 0.2009)
(17.00 0.6793 0.2067)
(17.50 0.6777 0.2128)
(18.00 0.6766 0.2189)
(18.50 0.6759 0.2252)
(19.00 0.6755 0.2317)
(19.50 0.6755 0.2383)
(20.00 0.6757 0.2450)
(20.50 0.6762 0.2519)
(21.00 0.6769 0.2589)
(21.50 0.6779 0.2661)
(22.00 0.6789 0.2734)
(22.50 0.6802 0.2808)
(23.00 0.6815 0.2884)
(23.50 0.6830 0.2961)
(24.00 0.6845 0.3039)
(24.50 0.6862 0.3118)
(25.00 0.6879 0.3199)
(25.50 0.6896 0.3280)
(26.00 0.6914 0.3363)
(26.50 0.6932 0.3447)
(27.00 0.6950 0.3532)
(27.50 0.6967 0.3618)
(28.00 0.6985 0.3706)
(28.50 0.7003 0.3794)
(29.00 0.7020 0.3883)
(29.50 0.7037 0.3973)
(30.00 0.7054 0.4064)
(30.50 0.7070 0.4156)
(31.00 0.7085 0.4249)
(31.50 0.7100 0.4343)
(32.00 0.7114 0.4437)
(32.50 0.7127 0.4532)
(33.00 0.7139 0.4628)
(33.50 0.7151 0.4725)
(34.00 0.7161 0.4822)
(34.50 0.7171 0.4920)
(35.00 0.7179 0.5019)
(35.50 0.7187 0.5118)
(36.00 0.7193 0.5218)
(36.50 0.7198 0.5319)
(37.00 0.7202 0.5420)
(37.50 0.7205 0.5521)
(38.00 0.7207 0.5623)
(38.50 0.7207 0.5725)
(39.00 0.7206 0.5828)
(39.50 0.7203 0.5931)
(40.00 0.7200 0.6034)
(40.50 0.7195 0.6137)
(41.00 0.7188 0.6241)
(41.50 0.7180 0.6345)
(42.00 0.7171 0.6449)
(42.50 0.7160 0.6553)
(43.00 0.7147 0.6658)
(43.50 0.7133 0.6762)
(44.00 0.7118 0.6867)
(44.50 0.7101 0.6971)
(45.00 0.7083 0.7076)
(45.50 0.7063 0.7180)
(46.00 0.7041 0.7285)
(46.50 0.7018 0.7389)
(47.00 0.6994 0.7493)
(47.50 0.6967 0.7597)
(48.00 0.6940 0.7701)
(48.50 0.6910 0.7804)
(49.00 0.6879 0.7907)
(49.50 0.6847 0.8010)
(50.00 0.6813 0.8113)
(50.50 0.6777 0.8215)
(51.00 0.6739 0.8316)
(51.50 0.6700 0.8418)
(52.00 0.6660 0.8518)
(52.50 0.6618 0.8618)
(53.00 0.6574 0.8718)
(53.50 0.6529 0.8817)
(54.00 0.6482 0.8916)
(54.50 0.6433 0.9014)
(55.00 0.6383 0.9111)
(55.50 0.6332 0.9207)
(56.00 0.6279 0.9303)
(56.50 0.6224 0.9398)
(57.00 0.6168 0.9492)
(57.50 0.6110 0.9585)
(58.00 0.6051 0.9678)
(58.50 0.5990 0.9769)
(59.00 0.5927 0.9860)
(59.50 0.5864 0.9950)
(60.00 0.5798 1.0038)
(60.50 0.5732 1.0126)
(61.00 0.5664 1.0213)
(61.50 0.5594 1.0298)
(62.00 0.5523 1.0383)
(62.50 0.5451 1.0466)
(63.00 0.5377 1.0549)
(63.50 0.5302 1.0630)
(64.00 0.5225 1.0710)
(64.50 0.5148 1.0788)
(65.00 0.5069 1.0866)
(65.50 0.4988 1.0942)
(66.00 0.4907 1.1017)
(66.50 0.4824 1.1090)
(67.00 0.4740 1.1162)
(67.50 0.4654 1.1233)
(68.00 0.4568 1.1302)
(68.50 0.4480 1.1370)
(69.00 0.4392 1.1437)
(69.50 0.4302 1.1502)
(70.00 0.4211 1.1566)
(70.50 0.4119 1.1628)
(71.00 0.4026 1.1688)
(71.50 0.3932 1.1747)
(72.00 0.3836 1.1805)
(72.50 0.3740 1.1860)
(73.00 0.3644 1.1915)
(73.50 0.3546 1.1967)
(74.00 0.3447 1.2018)
(74.50 0.3347 1.2067)
(75.00 0.3247 1.2115)
(75.50 0.3146 1.2161)
(76.00 0.3044 1.2205)
(76.50 0.2941 1.2248)
(77.00 0.2837 1.2288)
(77.50 0.2733 1.2327)
(78.00 0.2629 1.2364)
(78.50 0.2523 1.2400)
(79.00 0.2417 1.2434)
(79.50 0.2311 1.2465)
(80.00 0.2204 1.2495)
(80.50 0.2096 1.2523)
(81.00 0.1988 1.2550)
(81.50 0.1879 1.2574)
(82.00 0.1771 1.2597)
(82.50 0.1661 1.2618)
(83.00 0.1552 1.2636)
(83.50 0.1442 1.2653)
(84.00 0.1332 1.2669)
(84.50 0.1221 1.2682)
(85.00 0.1111 1.2693)
(85.50 0.1000 1.2702)
(86.00 0.0889 1.2710)
(86.50 0.0778 1.2715)
(87.00 0.0667 1.2719)
(87.50 0.0555 1.2721)
(88.00 0.0444 1.2720)
(88.50 0.0333 1.2718)
(89.00 0.0222 1.2714)
(89.50 0.0111 1.2708)
(90.00 0.0000 1.2700)
(90.50 -0.0111 1.2690)
(91.00 -0.0221 1.2678)
(91.50 -0.0332 1.2664)
(92.00 -0.0442 1.2649)
(92.50 -0.0551 1.2631)
(93.00 -0.0661 1.2611)
(93.50 -0.0770 1.2590)
(94.00 -0.0879 1.2567)
(94.50 -0.0987 1.2541)
(95.00 -0.1095 1.2514)
(95.50 -0.1202 1.2485)
(96.00 -0.1309 1.2454)
(96.50 -0.1415 1.2421)
(97.00 -0.1521 1.2386)
(97.50 -0.1626 1.2350)
(98.00 -0.1730 1.2311)
(98.50 -0.1834 1.2271)
(99.00 -0.1937 1.2229)
(99.50 -0.2039 1.2185)
(100.00 -0.2140 1.2139)
(100.50 -0.2241 1.2091)
(101.00 -0.2340 1.2042)
(101.50 -0.2439 1.1991)
(102.00 -0.2537 1.1938)
(102.50 -0.2634 1.1883)
(103.00 -0.2730 1.1826)
(103.50 -0.2825 1.1768)
(104.00 -0.2919 1.1708)
(104.50 -0.3011 1.1647)
(105.00 -0.3103 1.1584)
(105.50 -0.3194 1.1519)
(106.00 -0.3283 1.1452)
(106.50 -0.3371 1.1384)
(107.00 -0.3458 1.1314)
(107.50 -0.3544 1.1243)
(108.00 -0.3628 1.1170)
(108.50 -0.3711 1.1096)
(109.00 -0.3793 1.1020)
(109.50 -0.3874 1.0942)
(110.00 -0.3953 1.0863)
(110.50 -0.4030 1.0783)
(111.00 -0.4106 1.0701)
(111.50 -0.4181 1.0618)
(112.00 -0.4254 1.0533)
(112.50 -0.4326 1.0447)
(113.00 -0.4396 1.0360)
(113.50 -0.4464 1.0271)
(114.00 -0.4531 1.0181)
(114.50 -0.4597 1.0090)
(115.00 -0.4660 0.9998)
(115.50 -0.4722 0.9904)
(116.00 -0.4782 0.9809)
(116.50 -0.4841 0.9713)
(117.00 -0.4898 0.9616)
(117.50 -0.4953 0.9518)
(118.00 -0.5006 0.9419)
(118.50 -0.5057 0.9319)
(119.00 -0.5107 0.9217)
(119.50 -0.5154 0.9115)
(120.00 -0.5200 0.9012)
(120.50 -0.5244 0.8907)
(121.00 -0.5286 0.8802)
(121.50 -0.5326 0.8696)
(122.00 -0.5364 0.8590)
(122.50 -0.5400 0.8482)
(123.00 -0.5434 0.8374)
(123.50 -0.5467 0.8264)
(124.00 -0.5497 0.8155)
(124.50 -0.5525 0.8044)
(125.00 -0.5551 0.7933)
(125.50 -0.5575 0.7821)
(126.00 -0.5597 0.7709)
(126.50 -0.5616 0.7596)
(127.00 -0.5634 0.7482)
(127.50 -0.5650 0.7369)
(128.00 -0.5663 0.7254)
(128.50 -0.5674 0.7139)
(129.00 -0.5683 0.7024)
(129.50 -0.5690 0.6909)
(130.00 -0.5695 0.6793)
(130.50 -0.5697 0.6677)
(131.00 -0.5697 0.6560)
(131.50 -0.5695 0.6444)
(132.00 -0.5691 0.6327)
(132.50 -0.5684 0.6210)
(133.00 -0.5675 0.6093)
(133.50 -0.5664 0.5976)
(134.00 -0.5651 0.5858)
(134.50 -0.5635 0.5741)
(135.00 -0.5617 0.5624)
(135.50 -0.5597 0.5507)
(136.00 -0.5574 0.5390)
(136.50 -0.5549 0.5273)
(137.00 -0.5522 0.5156)
(137.50 -0.5492 0.5040)
(138.00 -0.5460 0.4923)
(138.50 -0.5425 0.4807)
(139.00 -0.5388 0.4691)
(139.50 -0.5349 0.4576)
(140.00 -0.5307 0.4461)
(140.50 -0.5263 0.4346)
(141.00 -0.5217 0.4232)
(141.50 -0.5168 0.4118)
(142.00 -0.5116 0.4005)
(142.50 -0.5062 0.3892)
(143.00 -0.5006 0.3780)
(143.50 -0.4947 0.3668)
(144.00 -0.4885 0.3557)
(144.50 -0.4821 0.3447)
(145.00 -0.4755 0.3337)
(145.50 -0.4686 0.3228)
(146.00 -0.4614 0.3120)
(146.50 -0.4540 0.3013)
(147.00 -0.4463 0.2906)
(147.50 -0.4383 0.2801)
(148.00 -0.4301 0.2696)
(148.50 -0.4216 0.2592)
(149.00 -0.4128 0.2489)
(149.50 -0.4038 0.2387)
(150.00 -0.3945 0.2286)
(150.50 -0.3849 0.2186)
(151.00 -0.3750 0.2087)
(151.50 -0.3648 0.1989)
(152.00 -0.3543 0.1893)
(152.50 -0.3436 0.1797)
(153.00 -0.3325 0.1703)
(153.50 -0.3211 0.1610)
(154.00 -0.3094 0.1518)
(154.50 -0.2974 0.1427)
(155.00 -0.2850 0.1338)
(155.50 -0.2723 0.1250)
(156.00 -0.2593 0.1163)
(156.50 -0.2458 0.1078)
(157.00 -0.2320 0.0994)
(157.50 -0.2179 0.0911)
(158.00 -0.2033 0.0830)
(158.50 -0.1883 0.0751)
(159.00 -0.1729 0.0673)
(159.50 -0.1570 0.0596)
(160.00 -0.1406 0.0521)
(160.50 -0.1237 0.0447)
(161.00 -0.1064 0.0375)
(161.50 -0.0884 0.0305)
(162.00 -0.0699 0.0236)
(162.50 -0.0507 0.0169)
(163.00 -0.0309 0.0104)
(163.50 -0.0104 0.0040)
(164.00 0.0109 -0.0022)
(164.50 0.0331 -0.0082)
(165.00 0.0561 -0.0141)
(165.50 0.0801 -0.0198)
(166.00 0.1052 -0.0253)
(166.50 0.1315 -0.0306)
(167.00 0.1590 -0.0358)
(167.50 0.1880 -0.0407)
(168.00 0.2186 -0.0455)
(168.50 0.2510 -0.0501)
(169.00 0.2855 -0.0545)
(169.50 0.3222 -0.0588)
(170.00 0.3616 -0.0628)
(170.50 0.4041 -0.0667)
(171.00 0.4500 -0.0703)
(171.50 0.5002 -0.0738)
(172.00 0.5552 -0.0771)
(172.50 0.6161 -0.0801)
(173.00 0.6841 -0.0830)
(173.50 0.7609 -0.0857)
(174.00 0.8486 -0.0882)
(174.50 0.9502 -0.0905)
(175.00 1.0698 -0.0926)
(175.50 1.2134 -0.0945)
(176.00 1.3901 -0.0962)
(176.50 1.6139 -0.0977)
(177.00 1.9084 -0.0990)
(177.50 2.3160 -0.1002)
(178.00 2.9216 -0.1011)
(178.50 3.9231 -0.1018)
(179.00 5.9142 -0.1023)
(179.50 11.8639 -0.1026)
(180.00 11.8639 -0.1026)
