// Bound.+Viterna
// Re = 1.00E+05
// (alpha_deg cl cd)
(-180.00 -8.7045 -0.0920)
(-179.50 -8.7045 -0.0920)
(-179.00 -4.3348 -0.0917)
(-178.50 -2.8705 -0.0912)
(-178.00 -2.1325 -0.0905)
(-177.50 -1.6851 -0.0896)
(-177.00 -1.3830 -0.0885)
(-176.50 -1.1639 -0.0872)
(-176.00 -0.9967 -0.0857)
(-175.50 -0.8641 -0.0840)
(-175.00 -0.7558 -0.0821)
(-174.50 -0.6651 -0.0800)
(-174.00 -0.5877 -0.0777)
(-173.50 -0.5205 -0.0752)
(-173.00 -0.4612 -0.0726)
(-172.50 -0.4085 -0.0697)
(-172.00 -0.3609 -0.0666)
(-171.50 -0.3177 -0.0633)
(-171.00 -0.2781 -0.0599)
(-170.50 -0.2416 -0.0562)
(-170.00 -0.2076 -0.0524)
(-169.50 -0.1760 -0.0484)
(-169.00 -0.1462 -0.0442)
(-168.50 -0.1182 -0.0398)
(-168.00 -0.0917 -0.0352)
(-167.50 -0.0666 -0.0304)
(-167.00 -0.0427 -0.0255)
(-166.50 -0.0198 -0.0203)
(-166.00 0.0021 -0.0150)
(-165.50 0.0231 -0.0096)
(-165.00 0.0433 -0.0039)
(-164.50 0.0628 0.0019)
(-164.00 0.0815 0.0080)
(-163.50 0.0996 0.0141)
(-163.00 0.1172 0.0205)
(-162.50 0.1341 0.0270)
(-162.00 0.1506 0.0337)
(-161.50 0.1666 0.0405)
(-161.00 0.1821 0.0475)
(-160.50 0.1971 0.0547)
(-160.00 0.2118 0.0620)
(-159.50 0.2260 0.0695)
(-159.00 0.2399 0.0771)
(-158.50 0.2534 0.0849)
(-158.00 0.2666 0.0928)
(-157.50 0.2794 0.1009)
(-157.00 0.2918 0.1091)
(-156.50 0.3040 0.1175)
(-156.00 0.3158 0.1260)
(-155.50 0.3274 0.1346)
(-155.00 0.3386 0.1434)
(-154.50 0.3496 0.1522)
(-154.00 0.3602 0.1613)
(-153.50 0.3706 0.1704)
(-153.00 0.3807 0.1797)
(-152.50 0.3906 0.1891)
(-152.00 0.4001 0.1986)
(-151.50 0.4094 0.2082)
(-151.00 0.4185 0.2179)
(-150.50 0.4273 0.2278)
(-150.00 0.4358 0.2377)
(-149.50 0.4441 0.2478)
(-149.00 0.4522 0.2579)
(-148.50 0.4600 0.2682)
(-148.00 0.4675 0.2785)
(-147.50 0.4748 0.2890)
(-147.00 0.4819 0.2995)
(-146.50 0.4887 0.3101)
(-146.00 0.4953 0.3208)
(-145.50 0.5016 0.3315)
(-145.00 0.5077 0.3424)
(-144.50 0.5136 0.3533)
(-144.00 0.5192 0.3643)
(-143.50 0.5246 0.3753)
(-143.00 0.5298 0.3864)
(-142.50 0.5347 0.3976)
(-142.00 0.5394 0.4088)
(-141.50 0.5439 0.4201)
(-141.00 0.5481 0.4314)
(-140.50 0.5521 0.4428)
(-140.00 0.5559 0.4542)
(-139.50 0.5595 0.4656)
(-139.00 0.5628 0.4771)
(-138.50 0.5659 0.4886)
(-138.00 0.5687 0.5002)
(-137.50 0.5714 0.5117)
(-137.00 0.5738 0.5233)
(-136.50 0.5760 0.5350)
(-136.00 0.5780 0.5466)
(-135.50 0.5797 0.5582)
(-135.00 0.5812 0.5699)
(-134.50 0.5825 0.5815)
(-134.00 0.5836 0.5932)
(-133.50 0.5844 0.6048)
(-133.00 0.5851 0.6165)
(-132.50 0.5855 0.6281)
(-132.00 0.5857 0.6397)
(-131.50 0.5857 0.6514)
(-131.00 0.5854 0.6629)
(-130.50 0.5850 0.6745)
(-130.00 0.5843 0.6861)
(-129.50 0.5835 0.6976)
(-129.00 0.5824 0.7091)
(-128.50 0.5811 0.7205)
(-128.00 0.5796 0.7319)
(-127.50 0.5778 0.7433)
(-127.00 0.5759 0.7546)
(-126.50 0.5738 0.7659)
(-126.00 0.5714 0.7771)
(-125.50 0.5689 0.7883)
(-125.00 0.5662 0.7994)
(-124.50 0.5632 0.8104)
(-124.00 0.5601 0.8214)
(-123.50 0.5567 0.8323)
(-123.00 0.5532 0.8431)
(-122.50 0.5495 0.8539)
(-122.00 0.5455 0.8646)
(-121.50 0.5414 0.8752)
(-121.00 0.5371 0.8857)
(-120.50 0.5326 0.8961)
(-120.00 0.5280 0.9064)
(-119.50 0.5231 0.9167)
(-119.00 0.5181 0.9268)
(-118.50 0.5128 0.9369)
(-118.00 0.5075 0.9468)
(-117.50 0.5019 0.9567)
(-117.00 0.4961 0.9664)
(-116.50 0.4902 0.9761)
(-116.00 0.4841 0.9856)
(-115.50 0.4779 0.9950)
(-115.00 0.4714 1.0042)
(-114.50 0.4649 1.0134)
(-114.00 0.4581 1.0224)
(-113.50 0.4512 1.0313)
(-113.00 0.4442 1.0401)
(-112.50 0.4370 1.0488)
(-112.00 0.4296 1.0573)
(-111.50 0.4221 1.0657)
(-111.00 0.4144 1.0739)
(-110.50 0.4066 1.0820)
(-110.00 0.3987 1.0899)
(-109.50 0.3906 1.0977)
(-109.00 0.3824 1.1054)
(-108.50 0.3741 1.1129)
(-108.00 0.3656 1.1203)
(-107.50 0.3570 1.1275)
(-107.00 0.3483 1.1345)
(-106.50 0.3394 1.1414)
(-106.00 0.3305 1.1481)
(-105.50 0.3214 1.1547)
(-105.00 0.3122 1.1611)
(-104.50 0.3029 1.1673)
(-104.00 0.2935 1.1734)
(-103.50 0.2840 1.1793)
(-103.00 0.2744 1.1850)
(-102.50 0.2647 1.1906)
(-102.00 0.2549 1.1960)
(-101.50 0.2450 1.2012)
(-101.00 0.2351 1.2062)
(-100.50 0.2250 1.2110)
(-100.00 0.2149 1.2157)
(-99.50 0.2046 1.2202)
(-99.00 0.1943 1.2245)
(-98.50 0.1840 1.2286)
(-98.00 0.1735 1.2326)
(-97.50 0.1630 1.2363)
(-97.00 0.1525 1.2399)
(-96.50 0.1419 1.2433)
(-96.00 0.1312 1.2465)
(-95.50 0.1205 1.2495)
(-95.00 0.1097 1.2523)
(-94.50 0.0989 1.2550)
(-94.00 0.0880 1.2574)
(-93.50 0.0771 1.2596)
(-93.00 0.0662 1.2617)
(-92.50 0.0552 1.2636)
(-92.00 0.0442 1.2652)
(-91.50 0.0332 1.2667)
(-91.00 0.0221 1.2680)
(-90.50 0.0111 1.2691)
(-90.00 -0.0000 1.2700)
(-89.50 -0.0111 1.2707)
(-89.00 -0.0222 1.2712)
(-88.50 -0.0333 1.2715)
(-88.00 -0.0444 1.2717)
(-87.50 -0.0555 1.2716)
(-87.00 -0.0666 1.2713)
(-86.50 -0.0777 1.2709)
(-86.00 -0.0887 1.2702)
(-85.50 -0.0998 1.2694)
(-85.00 -0.1108 1.2684)
(-84.50 -0.1219 1.2672)
(-84.00 -0.1329 1.2658)
(-83.50 -0.1438 1.2642)
(-83.00 -0.1548 1.2624)
(-82.50 -0.1657 1.2604)
(-82.00 -0.1765 1.2582)
(-81.50 -0.1873 1.2559)
(-81.00 -0.1981 1.2533)
(-80.50 -0.2088 1.2506)
(-80.00 -0.2195 1.2477)
(-79.50 -0.2301 1.2446)
(-79.00 -0.2407 1.2413)
(-78.50 -0.2512 1.2379)
(-78.00 -0.2616 1.2343)
(-77.50 -0.2720 1.2304)
(-77.00 -0.2823 1.2265)
(-76.50 -0.2925 1.2223)
(-76.00 -0.3027 1.2180)
(-75.50 -0.3128 1.2134)
(-75.00 -0.3228 1.2088)
(-74.50 -0.3327 1.2039)
(-74.00 -0.3425 1.1989)
(-73.50 -0.3522 1.1937)
(-73.00 -0.3619 1.1884)
(-72.50 -0.3714 1.1829)
(-72.00 -0.3809 1.1772)
(-71.50 -0.3902 1.1714)
(-71.00 -0.3995 1.1654)
(-70.50 -0.4086 1.1592)
(-70.00 -0.4176 1.1529)
(-69.50 -0.4266 1.1465)
(-69.00 -0.4354 1.1399)
(-68.50 -0.4440 1.1332)
(-68.00 -0.4526 1.1263)
(-67.50 -0.4611 1.1193)
(-67.00 -0.4694 1.1121)
(-66.50 -0.4776 1.1048)
(-66.00 -0.4857 1.0974)
(-65.50 -0.4936 1.0898)
(-65.00 -0.5014 1.0821)
(-64.50 -0.5091 1.0743)
(-64.00 -0.5166 1.0663)
(-63.50 -0.5241 1.0582)
(-63.00 -0.5313 1.0501)
(-62.50 -0.5384 1.0417)
(-62.00 -0.5454 1.0333)
(-61.50 -0.5523 1.0248)
(-61.00 -0.5590 1.0162)
(-60.50 -0.5655 1.0074)
(-60.00 -0.5719 0.9986)
(-59.50 -0.5781 0.9896)
(-59.00 -0.5842 0.9806)
(-58.50 -0.5901 0.9714)
(-58.00 -0.5959 0.9622)
(-57.50 -0.6015 0.9529)
(-57.00 -0.6070 0.9434)
(-56.50 -0.6123 0.9339)
(-56.00 -0.6175 0.9244)
(-55.50 -0.6224 0.9147)
(-55.00 -0.6273 0.9050)
(-54.50 -0.6319 0.8952)
(-54.00 -0.6364 0.8854)
(-53.50 -0.6407 0.8754)
(-53.00 -0.6449 0.8655)
(-52.50 -0.6489 0.8554)
(-52.00 -0.6527 0.8453)
(-51.50 -0.6564 0.8352)
(-51.00 -0.6599 0.8250)
(-50.50 -0.6632 0.8147)
(-50.00 -0.6664 0.8045)
(-49.50 -0.6694 0.7942)
(-49.00 -0.6722 0.7838)
(-48.50 -0.6749 0.7734)
(-48.00 -0.6773 0.7630)
(-47.50 -0.6797 0.7526)
(-47.00 -0.6818 0.7421)
(-46.50 -0.6838 0.7316)
(-46.00 -0.6856 0.7211)
(-45.50 -0.6873 0.7106)
(-45.00 -0.6888 0.7001)
(-44.50 -0.6901 0.6896)
(-44.00 -0.6913 0.6791)
(-43.50 -0.6923 0.6686)
(-43.00 -0.6931 0.6581)
(-42.50 -0.6938 0.6476)
(-42.00 -0.6943 0.6371)
(-41.50 -0.6947 0.6266)
(-41.00 -0.6949 0.6161)
(-40.50 -0.6949 0.6057)
(-40.00 -0.6948 0.5953)
(-39.50 -0.6945 0.5849)
(-39.00 -0.6941 0.5746)
(-38.50 -0.6936 0.5642)
(-38.00 -0.6929 0.5540)
(-37.50 -0.6920 0.5437)
(-37.00 -0.6910 0.5335)
(-36.50 -0.6899 0.5234)
(-36.00 -0.6886 0.5133)
(-35.50 -0.6872 0.5032)
(-35.00 -0.6857 0.4933)
(-34.50 -0.6840 0.4833)
(-34.00 -0.6822 0.4735)
(-33.50 -0.6803 0.4637)
(-33.00 -0.6783 0.4540)
(-32.50 -0.6762 0.4443)
(-32.00 -0.6740 0.4347)
(-31.50 -0.6716 0.4252)
(-31.00 -0.6692 0.4158)
(-30.50 -0.6666 0.4065)
(-30.00 -0.6640 0.3973)
(-29.50 -0.6613 0.3881)
(-29.00 -0.6585 0.3791)
(-28.50 -0.6557 0.3701)
(-28.00 -0.6527 0.3612)
(-27.50 -0.6498 0.3525)
(-27.00 -0.6467 0.3438)
(-26.50 -0.6437 0.3353)
(-26.00 -0.6406 0.3268)
(-25.50 -0.6374 0.3185)
(-25.00 -0.6343 0.3103)
(-24.50 -0.6311 0.3022)
(-24.00 -0.6280 0.2942)
(-23.50 -0.6248 0.2864)
(-23.00 -0.6217 0.2787)
(-22.50 -0.6187 0.2711)
(-22.00 -0.6157 0.2636)
(-21.50 -0.6127 0.2563)
(-21.00 -0.6099 0.2491)
(-20.50 -0.6072 0.2420)
(-20.00 -0.6045 0.2351)
(-19.50 -0.6021 0.2283)
(-19.00 -0.5998 0.2217)
(-18.50 -0.5977 0.2152)
(-18.00 -0.5959 0.2089)
(-17.50 -0.5943 0.2027)
(-17.00 -0.5930 0.1966)
(-16.50 -0.5921 0.1908)
(-16.00 -0.5915 0.1850)
(-15.50 -0.5913 0.1795)
(-15.00 -0.5917 0.1740)
(-14.50 -0.5926 0.1688)
(-14.00 -0.5941 0.1637)
(-13.50 -0.5964 0.1588)
(-13.00 -0.5994 0.1540)
(-12.50 -0.6033 0.1494)
(-12.00 -0.6083 0.1450)
(-11.50 -0.6145 0.1407)
(-11.00 -0.6220 0.1367)
(-10.50 -0.6311 0.1327)
(-10.00 -0.6420 0.1290)
(-9.50 -0.6303 0.1219)
(-9.00 -0.6194 0.1148)
(-8.50 -0.6090 0.1076)
(-8.00 -0.5983 0.1003)
(-7.50 -0.5862 0.0927)
(-7.00 -0.5702 0.0847)
(-6.50 -0.5478 0.0763)
(-6.00 -0.5192 0.0677)
(-5.50 -0.4847 0.0590)
(-5.00 -0.4430 0.0505)
(-4.50 -0.3937 0.0424)
(-4.00 -0.3400 0.0352)
(-3.50 -0.2858 0.0290)
(-3.00 -0.2323 0.0237)
(-2.50 -0.1803 0.0190)
(-2.00 -0.1299 0.0150)
(-1.50 -0.0807 0.0120)
(-1.00 -0.0294 0.0094)
(-0.50 0.0272 0.0070)
(0.00 0.0892 0.0060)
(0.50 0.1548 0.0072)
(1.00 0.2177 0.0096)
(1.50 0.2722 0.0119)
(2.00 0.3196 0.0148)
(2.50 0.3638 0.0191)
(3.00 0.4118 0.0243)
(3.50 0.4680 0.0298)
(4.00 0.5235 0.0359)
(4.50 0.5690 0.0430)
(5.00 0.6080 0.0509)
(5.50 0.6451 0.0592)
(6.00 0.6779 0.0680)
(6.50 0.7032 0.0772)
(7.00 0.7210 0.0865)
(7.50 0.7323 0.0955)
(8.00 0.7399 0.1042)
(8.50 0.7465 0.1126)
(9.00 0.7536 0.1208)
(9.50 0.7619 0.1289)
(10.00 0.7714 0.1368)
(10.50 0.7540 0.1405)
(11.00 0.7390 0.1444)
(11.50 0.7261 0.1485)
(12.00 0.7149 0.1527)
(12.50 0.7054 0.1571)
(13.00 0.6972 0.1617)
(13.50 0.6902 0.1665)
(14.00 0.6843 0.1714)
(14.50 0.6793 0.1765)
(15.00 0.6752 0.1817)
(15.50 0.6719 0.1871)
(16.00 0.6692 0.1926)
(16.50 0.6670 0.1983)
(17.00 0.6655 0.2042)
(17.50 0.6644 0.2102)
(18.00 0.6637 0.2164)
(18.50 0.6634 0.2227)
(19.00 0.6634 0.2292)
(19.50 0.6638 0.2358)
(20.00 0.6644 0.2426)
(20.50 0.6652 0.2494)
(21.00 0.6662 0.2565)
(21.50 0.6675 0.2637)
(22.00 0.6688 0.2710)
(22.50 0.6703 0.2784)
(23.00 0.6720 0.2860)
(23.50 0.6737 0.2937)
(24.00 0.6755 0.3015)
(24.50 0.6774 0.3094)
(25.00 0.6793 0.3175)
(25.50 0.6813 0.3257)
(26.00 0.6832 0.3340)
(26.50 0.6852 0.3424)
(27.00 0.6873 0.3509)
(27.50 0.6892 0.3595)
(28.00 0.6912 0.3682)
(28.50 0.6932 0.3771)
(29.00 0.6951 0.3860)
(29.50 0.6970 0.3950)
(30.00 0.6988 0.4041)
(30.50 0.7005 0.4133)
(31.00 0.7022 0.4226)
(31.50 0.7039 0.4320)
(32.00 0.7054 0.4415)
(32.50 0.7069 0.4510)
(33.00 0.7083 0.4606)
(33.50 0.7095 0.4703)
(34.00 0.7107 0.4800)
(34.50 0.7118 0.4899)
(35.00 0.7128 0.4998)
(35.50 0.7137 0.5097)
(36.00 0.7144 0.5197)
(36.50 0.7151 0.5297)
(37.00 0.7156 0.5399)
(37.50 0.7160 0.5500)
(38.00 0.7162 0.5602)
(38.50 0.7164 0.5704)
(39.00 0.7164 0.5807)
(39.50 0.7162 0.5910)
(40.00 0.7159 0.6014)
(40.50 0.7155 0.6117)
(41.00 0.7150 0.6221)
(41.50 0.7143 0.6325)
(42.00 0.7134 0.6430)
(42.50 0.7124 0.6534)
(43.00 0.7113 0.6639)
(43.50 0.7100 0.6743)
(44.00 0.7085 0.6848)
(44.50 0.7069 0.6953)
(45.00 0.7052 0.7057)
(45.50 0.7033 0.7162)
(46.00 0.7012 0.7266)
(46.50 0.6989 0.7371)
(47.00 0.6966 0.7475)
(47.50 0.6940 0.7579)
(48.00 0.6913 0.7683)
(48.50 0.6884 0.7787)
(49.00 0.6854 0.7890)
(49.50 0.6822 0.7993)
(50.00 0.6789 0.8096)
(50.50 0.6754 0.8198)
(51.00 0.6717 0.8300)
(51.50 0.6679 0.8401)
(52.00 0.6639 0.8502)
(52.50 0.6597 0.8602)
(53.00 0.6554 0.8702)
(53.50 0.6509 0.8802)
(54.00 0.6463 0.8900)
(54.50 0.6415 0.8998)
(55.00 0.6366 0.9096)
(55.50 0.6315 0.9192)
(56.00 0.6262 0.9288)
(56.50 0.6208 0.9383)
(57.00 0.6152 0.9478)
(57.50 0.6095 0.9571)
(58.00 0.6036 0.9664)
(58.50 0.5976 0.9755)
(59.00 0.5914 0.9846)
(59.50 0.5850 0.9936)
(60.00 0.5786 1.0025)
(60.50 0.5719 1.0113)
(61.00 0.5652 1.0200)
(61.50 0.5583 1.0286)
(62.00 0.5512 1.0370)
(62.50 0.5440 1.0454)
(63.00 0.5367 1.0537)
(63.50 0.5292 1.0618)
(64.00 0.5216 1.0698)
(64.50 0.5139 1.0777)
(65.00 0.5060 1.0854)
(65.50 0.4980 1.0931)
(66.00 0.4899 1.1006)
(66.50 0.4816 1.1080)
(67.00 0.4732 1.1152)
(67.50 0.4647 1.1223)
(68.00 0.4561 1.1293)
(68.50 0.4474 1.1361)
(69.00 0.4385 1.1427)
(69.50 0.4296 1.1493)
(70.00 0.4205 1.1556)
(70.50 0.4113 1.1619)
(71.00 0.4021 1.1680)
(71.50 0.3927 1.1739)
(72.00 0.3832 1.1796)
(72.50 0.3736 1.1852)
(73.00 0.3640 1.1907)
(73.50 0.3542 1.1960)
(74.00 0.3443 1.2011)
(74.50 0.3344 1.2060)
(75.00 0.3244 1.2108)
(75.50 0.3143 1.2154)
(76.00 0.3041 1.2199)
(76.50 0.2938 1.2241)
(77.00 0.2835 1.2282)
(77.50 0.2731 1.2322)
(78.00 0.2627 1.2359)
(78.50 0.2521 1.2395)
(79.00 0.2416 1.2428)
(79.50 0.2309 1.2461)
(80.00 0.2202 1.2491)
(80.50 0.2095 1.2519)
(81.00 0.1987 1.2546)
(81.50 0.1878 1.2570)
(82.00 0.1770 1.2593)
(82.50 0.1661 1.2614)
(83.00 0.1551 1.2633)
(83.50 0.1441 1.2650)
(84.00 0.1331 1.2666)
(84.50 0.1221 1.2679)
(85.00 0.1110 1.2691)
(85.50 0.0999 1.2700)
(86.00 0.0889 1.2708)
(86.50 0.0778 1.2714)
(87.00 0.0666 1.2718)
(87.50 0.0555 1.2719)
(88.00 0.0444 1.2719)
(88.50 0.0333 1.2717)
(89.00 0.0222 1.2714)
(89.50 0.0111 1.2708)
(90.00 0.0000 1.2700)
(90.50 -0.0111 1.2690)
(91.00 -0.0221 1.2679)
(91.50 -0.0332 1.2665)
(92.00 -0.0442 1.2650)
(92.50 -0.0552 1.2632)
(93.00 -0.0661 1.2613)
(93.50 -0.0770 1.2592)
(94.00 -0.0879 1.2568)
(94.50 -0.0987 1.2543)
(95.00 -0.1095 1.2516)
(95.50 -0.1202 1.2487)
(96.00 -0.1309 1.2457)
(96.50 -0.1416 1.2424)
(97.00 -0.1521 1.2389)
(97.50 -0.1626 1.2353)
(98.00 -0.1731 1.2315)
(98.50 -0.1835 1.2275)
(99.00 -0.1938 1.2233)
(99.50 -0.2040 1.2189)
(100.00 -0.2141 1.2143)
(100.50 -0.2242 1.2096)
(101.00 -0.2342 1.2047)
(101.50 -0.2441 1.1996)
(102.00 -0.2539 1.1943)
(102.50 -0.2636 1.1889)
(103.00 -0.2732 1.1832)
(103.50 -0.2827 1.1774)
(104.00 -0.2921 1.1715)
(104.50 -0.3014 1.1653)
(105.00 -0.3106 1.1590)
(105.50 -0.3197 1.1526)
(106.00 -0.3287 1.1459)
(106.50 -0.3375 1.1391)
(107.00 -0.3462 1.1322)
(107.50 -0.3548 1.1251)
(108.00 -0.3633 1.1178)
(108.50 -0.3716 1.1104)
(109.00 -0.3798 1.1028)
(109.50 -0.3879 1.0951)
(110.00 -0.3958 1.0872)
(110.50 -0.4036 1.0792)
(111.00 -0.4112 1.0711)
(111.50 -0.4187 1.0628)
(112.00 -0.4261 1.0543)
(112.50 -0.4333 1.0457)
(113.00 -0.4403 1.0370)
(113.50 -0.4472 1.0282)
(114.00 -0.4539 1.0192)
(114.50 -0.4605 1.0101)
(115.00 -0.4669 1.0009)
(115.50 -0.4731 0.9916)
(116.00 -0.4792 0.9821)
(116.50 -0.4851 0.9725)
(117.00 -0.4908 0.9628)
(117.50 -0.4963 0.9530)
(118.00 -0.5017 0.9431)
(118.50 -0.5068 0.9331)
(119.00 -0.5118 0.9230)
(119.50 -0.5167 0.9128)
(120.00 -0.5213 0.9025)
(120.50 -0.5257 0.8921)
(121.00 -0.5300 0.8816)
(121.50 -0.5340 0.8710)
(122.00 -0.5379 0.8604)
(122.50 -0.5415 0.8496)
(123.00 -0.5450 0.8388)
(123.50 -0.5483 0.8279)
(124.00 -0.5513 0.8169)
(124.50 -0.5542 0.8059)
(125.00 -0.5569 0.7948)
(125.50 -0.5593 0.7837)
(126.00 -0.5615 0.7724)
(126.50 -0.5636 0.7612)
(127.00 -0.5654 0.7498)
(127.50 -0.5670 0.7385)
(128.00 -0.5684 0.7270)
(128.50 -0.5696 0.7156)
(129.00 -0.5706 0.7041)
(129.50 -0.5713 0.6925)
(130.00 -0.5718 0.6810)
(130.50 -0.5721 0.6694)
(131.00 -0.5722 0.6578)
(131.50 -0.5721 0.6461)
(132.00 -0.5717 0.6344)
(132.50 -0.5712 0.6228)
(133.00 -0.5703 0.6111)
(133.50 -0.5693 0.5994)
(134.00 -0.5680 0.5877)
(134.50 -0.5666 0.5760)
(135.00 -0.5648 0.5643)
(135.50 -0.5629 0.5526)
(136.00 -0.5607 0.5409)
(136.50 -0.5583 0.5292)
(137.00 -0.5556 0.5176)
(137.50 -0.5527 0.5059)
(138.00 -0.5496 0.4943)
(138.50 -0.5463 0.4827)
(139.00 -0.5427 0.4711)
(139.50 -0.5388 0.4596)
(140.00 -0.5348 0.4481)
(140.50 -0.5304 0.4367)
(141.00 -0.5259 0.4252)
(141.50 -0.5211 0.4139)
(142.00 -0.5161 0.4026)
(142.50 -0.5108 0.3913)
(143.00 -0.5052 0.3801)
(143.50 -0.4995 0.3689)
(144.00 -0.4934 0.3579)
(144.50 -0.4871 0.3468)
(145.00 -0.4806 0.3359)
(145.50 -0.4738 0.3250)
(146.00 -0.4668 0.3142)
(146.50 -0.4595 0.3035)
(147.00 -0.4520 0.2928)
(147.50 -0.4441 0.2823)
(148.00 -0.4361 0.2718)
(148.50 -0.4277 0.2614)
(149.00 -0.4191 0.2511)
(149.50 -0.4102 0.2410)
(150.00 -0.4011 0.2309)
(150.50 -0.3916 0.2209)
(151.00 -0.3819 0.2110)
(151.50 -0.3719 0.2013)
(152.00 -0.3617 0.1916)
(152.50 -0.3511 0.1821)
(153.00 -0.3402 0.1726)
(153.50 -0.3290 0.1633)
(154.00 -0.3175 0.1542)
(154.50 -0.3057 0.1451)
(155.00 -0.2936 0.1362)
(155.50 -0.2811 0.1274)
(156.00 -0.2683 0.1187)
(156.50 -0.2551 0.1102)
(157.00 -0.2416 0.1018)
(157.50 -0.2277 0.0936)
(158.00 -0.2134 0.0855)
(158.50 -0.1987 0.0775)
(159.00 -0.1836 0.0697)
(159.50 -0.1680 0.0621)
(160.00 -0.1520 0.0546)
(160.50 -0.1355 0.0472)
(161.00 -0.1185 0.0400)
(161.50 -0.1009 0.0330)
(162.00 -0.0828 0.0261)
(162.50 -0.0641 0.0194)
(163.00 -0.0447 0.0129)
(163.50 -0.0246 0.0065)
(164.00 -0.0038 0.0003)
(164.50 0.0178 -0.0057)
(165.00 0.0402 -0.0115)
(165.50 0.0636 -0.0172)
(166.00 0.0881 -0.0227)
(166.50 0.1136 -0.0280)
(167.00 0.1404 -0.0332)
(167.50 0.1686 -0.0382)
(168.00 0.1984 -0.0429)
(168.50 0.2298 -0.0475)
(169.00 0.2632 -0.0519)
(169.50 0.2989 -0.0562)
(170.00 0.3370 -0.0602)
(170.50 0.3781 -0.0641)
(171.00 0.4226 -0.0677)
(171.50 0.4710 -0.0712)
(172.00 0.5242 -0.0745)
(172.50 0.5829 -0.0775)
(173.00 0.6485 -0.0804)
(173.50 0.7225 -0.0831)
(174.00 0.8069 -0.0856)
(174.50 0.9046 -0.0879)
(175.00 1.0196 -0.0900)
(175.50 1.1576 -0.0919)
(176.00 1.3272 -0.0936)
(176.50 1.5420 -0.0951)
(177.00 1.8245 -0.0964)
(177.50 2.2153 -0.0975)
(178.00 2.7956 -0.0984)
(178.50 3.7549 -0.0991)
(179.00 5.6619 -0.0996)
(179.50 11.3592 -0.0999)
(180.00 11.3592 -0.0999)
