// Bound.+Viterna
// Re = 1.00E+05
// (alpha_deg cl cd)
(-180.00 -4.3346 -0.0900)
(-179.50 -4.3346 -0.0900)
(-179.00 -2.1503 -0.0897)
(-178.50 -1.4146 -0.0892)
(-178.00 -1.0411 -0.0885)
(-177.50 -0.8125 -0.0876)
(-177.00 -0.6563 -0.0865)
(-176.50 -0.5415 -0.0852)
(-176.00 -0.4527 -0.0837)
(-175.50 -0.3811 -0.0820)
(-175.00 -0.3216 -0.0801)
(-174.50 -0.2709 -0.0780)
(-174.00 -0.2268 -0.0757)
(-173.50 -0.1879 -0.0733)
(-173.00 -0.1530 -0.0706)
(-172.50 -0.1213 -0.0677)
(-172.00 -0.0922 -0.0646)
(-171.50 -0.0653 -0.0614)
(-171.00 -0.0403 -0.0579)
(-170.50 -0.0168 -0.0543)
(-170.00 0.0054 -0.0505)
(-169.50 0.0264 -0.0464)
(-169.00 0.0464 -0.0422)
(-168.50 0.0654 -0.0378)
(-168.00 0.0838 -0.0332)
(-167.50 0.1013 -0.0285)
(-167.00 0.1183 -0.0235)
(-166.50 0.1347 -0.0184)
(-166.00 0.1505 -0.0131)
(-165.50 0.1659 -0.0076)
(-165.00 0.1808 -0.0020)
(-164.50 0.1953 0.0039)
(-164.00 0.2094 0.0099)
(-163.50 0.2231 0.0160)
(-163.00 0.2365 0.0224)
(-162.50 0.2495 0.0289)
(-162.00 0.2622 0.0356)
(-161.50 0.2747 0.0424)
(-161.00 0.2868 0.0494)
(-160.50 0.2987 0.0566)
(-160.00 0.3103 0.0639)
(-159.50 0.3216 0.0713)
(-159.00 0.3327 0.0790)
(-158.50 0.3435 0.0867)
(-158.00 0.3541 0.0947)
(-157.50 0.3644 0.1027)
(-157.00 0.3745 0.1109)
(-156.50 0.3844 0.1193)
(-156.00 0.3941 0.1278)
(-155.50 0.4035 0.1364)
(-155.00 0.4127 0.1452)
(-154.50 0.4217 0.1540)
(-154.00 0.4305 0.1631)
(-153.50 0.4391 0.1722)
(-153.00 0.4474 0.1815)
(-152.50 0.4555 0.1908)
(-152.00 0.4635 0.2003)
(-151.50 0.4712 0.2100)
(-151.00 0.4787 0.2197)
(-150.50 0.4860 0.2295)
(-150.00 0.4930 0.2395)
(-149.50 0.4999 0.2495)
(-149.00 0.5066 0.2596)
(-148.50 0.5130 0.2699)
(-148.00 0.5193 0.2802)
(-147.50 0.5253 0.2906)
(-147.00 0.5311 0.3011)
(-146.50 0.5367 0.3117)
(-146.00 0.5421 0.3224)
(-145.50 0.5473 0.3332)
(-145.00 0.5523 0.3440)
(-144.50 0.5571 0.3549)
(-144.00 0.5617 0.3659)
(-143.50 0.5661 0.3769)
(-143.00 0.5702 0.3880)
(-142.50 0.5742 0.3992)
(-142.00 0.5779 0.4104)
(-141.50 0.5814 0.4216)
(-141.00 0.5847 0.4329)
(-140.50 0.5878 0.4443)
(-140.00 0.5907 0.4557)
(-139.50 0.5934 0.4671)
(-139.00 0.5959 0.4786)
(-138.50 0.5982 0.4901)
(-138.00 0.6002 0.5017)
(-137.50 0.6021 0.5132)
(-137.00 0.6037 0.5248)
(-136.50 0.6051 0.5364)
(-136.00 0.6064 0.5480)
(-135.50 0.6074 0.5596)
(-135.00 0.6082 0.5713)
(-134.50 0.6088 0.5829)
(-134.00 0.6092 0.5946)
(-133.50 0.6094 0.6062)
(-133.00 0.6093 0.6178)
(-132.50 0.6091 0.6295)
(-132.00 0.6087 0.6411)
(-131.50 0.6080 0.6527)
(-131.00 0.6072 0.6643)
(-130.50 0.6061 0.6758)
(-130.00 0.6049 0.6873)
(-129.50 0.6034 0.6988)
(-129.00 0.6018 0.7103)
(-128.50 0.5999 0.7217)
(-128.00 0.5979 0.7331)
(-127.50 0.5956 0.7445)
(-127.00 0.5932 0.7558)
(-126.50 0.5906 0.7671)
(-126.00 0.5877 0.7783)
(-125.50 0.5847 0.7894)
(-125.00 0.5815 0.8005)
(-124.50 0.5781 0.8115)
(-124.00 0.5745 0.8225)
(-123.50 0.5707 0.8334)
(-123.00 0.5667 0.8442)
(-122.50 0.5625 0.8549)
(-122.00 0.5582 0.8656)
(-121.50 0.5536 0.8762)
(-121.00 0.5489 0.8867)
(-120.50 0.5440 0.8971)
(-120.00 0.5390 0.9074)
(-119.50 0.5337 0.9177)
(-119.00 0.5283 0.9278)
(-118.50 0.5227 0.9378)
(-118.00 0.5170 0.9478)
(-117.50 0.5110 0.9576)
(-117.00 0.5050 0.9673)
(-116.50 0.4987 0.9769)
(-116.00 0.4923 0.9864)
(-115.50 0.4857 0.9958)
(-115.00 0.4790 1.0051)
(-114.50 0.4721 1.0142)
(-114.00 0.4650 1.0232)
(-113.50 0.4578 1.0321)
(-113.00 0.4505 1.0409)
(-112.50 0.4430 1.0495)
(-112.00 0.4354 1.0580)
(-111.50 0.4276 1.0664)
(-111.00 0.4197 1.0746)
(-110.50 0.4116 1.0827)
(-110.00 0.4034 1.0906)
(-109.50 0.3951 1.0984)
(-109.00 0.3867 1.1060)
(-108.50 0.3781 1.1135)
(-108.00 0.3694 1.1209)
(-107.50 0.3606 1.1281)
(-107.00 0.3517 1.1351)
(-106.50 0.3427 1.1420)
(-106.00 0.3335 1.1487)
(-105.50 0.3242 1.1552)
(-105.00 0.3149 1.1616)
(-104.50 0.3054 1.1678)
(-104.00 0.2958 1.1739)
(-103.50 0.2862 1.1798)
(-103.00 0.2764 1.1855)
(-102.50 0.2665 1.1910)
(-102.00 0.2566 1.1964)
(-101.50 0.2466 1.2016)
(-101.00 0.2365 1.2066)
(-100.50 0.2263 1.2114)
(-100.00 0.2160 1.2161)
(-99.50 0.2057 1.2205)
(-99.00 0.1953 1.2248)
(-98.50 0.1848 1.2289)
(-98.00 0.1743 1.2329)
(-97.50 0.1637 1.2366)
(-97.00 0.1531 1.2402)
(-96.50 0.1424 1.2435)
(-96.00 0.1316 1.2467)
(-95.50 0.1208 1.2497)
(-95.00 0.1100 1.2525)
(-94.50 0.0991 1.2551)
(-94.00 0.0882 1.2575)
(-93.50 0.0772 1.2598)
(-93.00 0.0663 1.2618)
(-92.50 0.0553 1.2637)
(-92.00 0.0442 1.2653)
(-91.50 0.0332 1.2668)
(-91.00 0.0221 1.2680)
(-90.50 0.0111 1.2691)
(-90.00 -0.0000 1.2700)
(-89.50 -0.0111 1.2707)
(-89.00 -0.0222 1.2712)
(-88.50 -0.0333 1.2715)
(-88.00 -0.0443 1.2716)
(-87.50 -0.0554 1.2715)
(-87.00 -0.0665 1.2712)
(-86.50 -0.0775 1.2708)
(-86.00 -0.0886 1.2701)
(-85.50 -0.0996 1.2693)
(-85.00 -0.1106 1.2682)
(-84.50 -0.1215 1.2670)
(-84.00 -0.1324 1.2655)
(-83.50 -0.1433 1.2639)
(-83.00 -0.1542 1.2621)
(-82.50 -0.1650 1.2601)
(-82.00 -0.1758 1.2579)
(-81.50 -0.1865 1.2556)
(-81.00 -0.1972 1.2530)
(-80.50 -0.2078 1.2503)
(-80.00 -0.2183 1.2474)
(-79.50 -0.2288 1.2442)
(-79.00 -0.2393 1.2410)
(-78.50 -0.2497 1.2375)
(-78.00 -0.2600 1.2338)
(-77.50 -0.2702 1.2300)
(-77.00 -0.2803 1.2260)
(-76.50 -0.2904 1.2218)
(-76.00 -0.3004 1.2175)
(-75.50 -0.3103 1.2129)
(-75.00 -0.3201 1.2083)
(-74.50 -0.3299 1.2034)
(-74.00 -0.3395 1.1984)
(-73.50 -0.3490 1.1932)
(-73.00 -0.3585 1.1878)
(-72.50 -0.3678 1.1823)
(-72.00 -0.3771 1.1766)
(-71.50 -0.3862 1.1707)
(-71.00 -0.3952 1.1647)
(-70.50 -0.4041 1.1586)
(-70.00 -0.4129 1.1523)
(-69.50 -0.4216 1.1458)
(-69.00 -0.4301 1.1392)
(-68.50 -0.4385 1.1324)
(-68.00 -0.4468 1.1255)
(-67.50 -0.4550 1.1185)
(-67.00 -0.4631 1.1113)
(-66.50 -0.4710 1.1040)
(-66.00 -0.4788 1.0966)
(-65.50 -0.4864 1.0890)
(-65.00 -0.4939 1.0813)
(-64.50 -0.5013 1.0734)
(-64.00 -0.5085 1.0654)
(-63.50 -0.5156 1.0574)
(-63.00 -0.5225 1.0492)
(-62.50 -0.5293 1.0408)
(-62.00 -0.5359 1.0324)
(-61.50 -0.5424 1.0238)
(-61.00 -0.5487 1.0152)
(-60.50 -0.5549 1.0064)
(-60.00 -0.5609 0.9976)
(-59.50 -0.5667 0.9886)
(-59.00 -0.5724 0.9795)
(-58.50 -0.5779 0.9704)
(-58.00 -0.5833 0.9611)
(-57.50 -0.5885 0.9518)
(-57.00 -0.5935 0.9424)
(-56.50 -0.5984 0.9329)
(-56.00 -0.6031 0.9233)
(-55.50 -0.6076 0.9136)
(-55.00 -0.6119 0.9039)
(-54.50 -0.6161 0.8941)
(-54.00 -0.6201 0.8842)
(-53.50 -0.6239 0.8743)
(-53.00 -0.6276 0.8643)
(-52.50 -0.6311 0.8542)
(-52.00 -0.6344 0.8441)
(-51.50 -0.6375 0.8339)
(-51.00 -0.6405 0.8237)
(-50.50 -0.6432 0.8135)
(-50.00 -0.6458 0.8032)
(-49.50 -0.6482 0.7929)
(-49.00 -0.6504 0.7825)
(-48.50 -0.6525 0.7721)
(-48.00 -0.6544 0.7617)
(-47.50 -0.6561 0.7512)
(-47.00 -0.6576 0.7408)
(-46.50 -0.6589 0.7303)
(-46.00 -0.6601 0.7198)
(-45.50 -0.6610 0.7092)
(-45.00 -0.6618 0.6987)
(-44.50 -0.6624 0.6882)
(-44.00 -0.6629 0.6777)
(-43.50 -0.6631 0.6671)
(-43.00 -0.6632 0.6566)
(-42.50 -0.6631 0.6461)
(-42.00 -0.6628 0.6356)
(-41.50 -0.6624 0.6251)
(-41.00 -0.6617 0.6146)
(-40.50 -0.6609 0.6042)
(-40.00 -0.6600 0.5938)
(-39.50 -0.6588 0.5834)
(-39.00 -0.6575 0.5730)
(-38.50 -0.6560 0.5627)
(-38.00 -0.6544 0.5524)
(-37.50 -0.6526 0.5421)
(-37.00 -0.6506 0.5319)
(-36.50 -0.6485 0.5218)
(-36.00 -0.6462 0.5117)
(-35.50 -0.6437 0.5016)
(-35.00 -0.6411 0.4916)
(-34.50 -0.6383 0.4817)
(-34.00 -0.6354 0.4718)
(-33.50 -0.6323 0.4620)
(-33.00 -0.6291 0.4523)
(-32.50 -0.6257 0.4426)
(-32.00 -0.6222 0.4331)
(-31.50 -0.6186 0.4236)
(-31.00 -0.6148 0.4141)
(-30.50 -0.6109 0.4048)
(-30.00 -0.6068 0.3955)
(-29.50 -0.6026 0.3864)
(-29.00 -0.5984 0.3773)
(-28.50 -0.5939 0.3684)
(-28.00 -0.5894 0.3595)
(-27.50 -0.5848 0.3507)
(-27.00 -0.5800 0.3421)
(-26.50 -0.5752 0.3335)
(-26.00 -0.5703 0.3251)
(-25.50 -0.5653 0.3167)
(-25.00 -0.5601 0.3085)
(-24.50 -0.5550 0.3004)
(-24.00 -0.5497 0.2924)
(-23.50 -0.5444 0.2846)
(-23.00 -0.5390 0.2768)
(-22.50 -0.5336 0.2692)
(-22.00 -0.5281 0.2618)
(-21.50 -0.5226 0.2544)
(-21.00 -0.5171 0.2472)
(-20.50 -0.5116 0.2402)
(-20.00 -0.5061 0.2332)
(-19.50 -0.5006 0.2265)
(-19.00 -0.4951 0.2198)
(-18.50 -0.4896 0.2133)
(-18.00 -0.4843 0.2070)
(-17.50 -0.4789 0.2008)
(-17.00 -0.4737 0.1947)
(-16.50 -0.4686 0.1889)
(-16.00 -0.4636 0.1831)
(-15.50 -0.4588 0.1775)
(-15.00 -0.4542 0.1721)
(-14.50 -0.4498 0.1669)
(-14.00 -0.4457 0.1618)
(-13.50 -0.4419 0.1568)
(-13.00 -0.4384 0.1521)
(-12.50 -0.4354 0.1475)
(-12.00 -0.4328 0.1430)
(-11.50 -0.4308 0.1388)
(-11.00 -0.4294 0.1347)
(-10.50 -0.4282 0.1298)
(-10.00 -0.4222 0.1246)
(-9.50 -0.4103 0.1189)
(-9.00 -0.3929 0.1127)
(-8.50 -0.3706 0.1059)
(-8.00 -0.3442 0.0985)
(-7.50 -0.3146 0.0905)
(-7.00 -0.2820 0.0820)
(-6.50 -0.2464 0.0730)
(-6.00 -0.2063 0.0638)
(-5.50 -0.1602 0.0547)
(-5.00 -0.1068 0.0466)
(-4.50 -0.0464 0.0401)
(-4.00 0.0144 0.0346)
(-3.50 0.0695 0.0291)
(-3.00 0.1213 0.0238)
(-2.50 0.1737 0.0190)
(-2.00 0.2274 0.0152)
(-1.50 0.2835 0.0126)
(-1.00 0.3466 0.0109)
(-0.50 0.4190 0.0098)
(0.00 0.4896 0.0093)
(0.50 0.5484 0.0093)
(1.00 0.6018 0.0092)
(1.50 0.6543 0.0086)
(2.00 0.6859 0.0089)
(2.50 0.6825 0.0114)
(3.00 0.6783 0.0144)
(3.50 0.7080 0.0163)
(4.00 0.7613 0.0185)
(4.50 0.8194 0.0227)
(5.00 0.8754 0.0282)
(5.50 0.9260 0.0342)
(6.00 0.9700 0.0400)
(6.50 1.0062 0.0455)
(7.00 1.0319 0.0515)
(7.50 1.0449 0.0584)
(8.00 1.0470 0.0652)
(8.50 1.0046 0.0683)
(9.00 0.9679 0.0716)
(9.50 0.9361 0.0750)
(10.00 0.9084 0.0787)
(10.50 0.8841 0.0825)
(11.00 0.8628 0.0865)
(11.50 0.8442 0.0907)
(12.00 0.8278 0.0950)
(12.50 0.8133 0.0995)
(13.00 0.8007 0.1042)
(13.50 0.7895 0.1091)
(14.00 0.7797 0.1141)
(14.50 0.7711 0.1193)
(15.00 0.7636 0.1247)
(15.50 0.7571 0.1302)
(16.00 0.7514 0.1359)
(16.50 0.7464 0.1418)
(17.00 0.7422 0.1478)
(17.50 0.7385 0.1539)
(18.00 0.7355 0.1603)
(18.50 0.7329 0.1667)
(19.00 0.7308 0.1734)
(19.50 0.7290 0.1802)
(20.00 0.7277 0.1871)
(20.50 0.7266 0.1942)
(21.00 0.7259 0.2014)
(21.50 0.7254 0.2087)
(22.00 0.7251 0.2162)
(22.50 0.7250 0.2239)
(23.00 0.7251 0.2316)
(23.50 0.7254 0.2395)
(24.00 0.7258 0.2476)
(24.50 0.7263 0.2557)
(25.00 0.7270 0.2640)
(25.50 0.7277 0.2724)
(26.00 0.7284 0.2809)
(26.50 0.7293 0.2895)
(27.00 0.7301 0.2983)
(27.50 0.7310 0.3071)
(28.00 0.7319 0.3161)
(28.50 0.7329 0.3252)
(29.00 0.7338 0.3344)
(29.50 0.7347 0.3436)
(30.00 0.7356 0.3530)
(30.50 0.7364 0.3625)
(31.00 0.7372 0.3720)
(31.50 0.7380 0.3817)
(32.00 0.7387 0.3914)
(32.50 0.7393 0.4012)
(33.00 0.7399 0.4111)
(33.50 0.7404 0.4211)
(34.00 0.7409 0.4311)
(34.50 0.7412 0.4412)
(35.00 0.7415 0.4514)
(35.50 0.7416 0.4616)
(36.00 0.7417 0.4719)
(36.50 0.7417 0.4823)
(37.00 0.7416 0.4927)
(37.50 0.7413 0.5032)
(38.00 0.7410 0.5137)
(38.50 0.7405 0.5242)
(39.00 0.7399 0.5348)
(39.50 0.7392 0.5455)
(40.00 0.7383 0.5561)
(40.50 0.7374 0.5668)
(41.00 0.7363 0.5776)
(41.50 0.7350 0.5883)
(42.00 0.7337 0.5991)
(42.50 0.7322 0.6099)
(43.00 0.7305 0.6207)
(43.50 0.7287 0.6315)
(44.00 0.7268 0.6423)
(44.50 0.7247 0.6532)
(45.00 0.7225 0.6640)
(45.50 0.7201 0.6748)
(46.00 0.7176 0.6856)
(46.50 0.7150 0.6965)
(47.00 0.7122 0.7073)
(47.50 0.7092 0.7180)
(48.00 0.7061 0.7288)
(48.50 0.7028 0.7396)
(49.00 0.6994 0.7503)
(49.50 0.6958 0.7610)
(50.00 0.6921 0.7716)
(50.50 0.6882 0.7822)
(51.00 0.6842 0.7928)
(51.50 0.6800 0.8034)
(52.00 0.6757 0.8139)
(52.50 0.6712 0.8243)
(53.00 0.6665 0.8347)
(53.50 0.6617 0.8450)
(54.00 0.6568 0.8553)
(54.50 0.6517 0.8655)
(55.00 0.6464 0.8757)
(55.50 0.6410 0.8858)
(56.00 0.6354 0.8958)
(56.50 0.6297 0.9057)
(57.00 0.6239 0.9156)
(57.50 0.6179 0.9254)
(58.00 0.6117 0.9351)
(58.50 0.6054 0.9447)
(59.00 0.5990 0.9542)
(59.50 0.5924 0.9637)
(60.00 0.5857 0.9730)
(60.50 0.5788 0.9822)
(61.00 0.5718 0.9914)
(61.50 0.5646 1.0004)
(62.00 0.5573 1.0093)
(62.50 0.5499 1.0182)
(63.00 0.5424 1.0269)
(63.50 0.5347 1.0354)
(64.00 0.5268 1.0439)
(64.50 0.5189 1.0523)
(65.00 0.5108 1.0605)
(65.50 0.5026 1.0686)
(66.00 0.4943 1.0766)
(66.50 0.4859 1.0844)
(67.00 0.4773 1.0921)
(67.50 0.4686 1.0997)
(68.00 0.4598 1.1071)
(68.50 0.4509 1.1144)
(69.00 0.4419 1.1216)
(69.50 0.4328 1.1286)
(70.00 0.4236 1.1355)
(70.50 0.4142 1.1422)
(71.00 0.4048 1.1487)
(71.50 0.3953 1.1551)
(72.00 0.3857 1.1614)
(72.50 0.3760 1.1675)
(73.00 0.3661 1.1734)
(73.50 0.3563 1.1792)
(74.00 0.3463 1.1848)
(74.50 0.3362 1.1903)
(75.00 0.3261 1.1955)
(75.50 0.3159 1.2006)
(76.00 0.3056 1.2056)
(76.50 0.2952 1.2104)
(77.00 0.2848 1.2150)
(77.50 0.2743 1.2194)
(78.00 0.2637 1.2236)
(78.50 0.2531 1.2277)
(79.00 0.2425 1.2316)
(79.50 0.2317 1.2353)
(80.00 0.2210 1.2388)
(80.50 0.2102 1.2422)
(81.00 0.1993 1.2453)
(81.50 0.1884 1.2483)
(82.00 0.1775 1.2511)
(82.50 0.1665 1.2537)
(83.00 0.1555 1.2561)
(83.50 0.1444 1.2584)
(84.00 0.1334 1.2604)
(84.50 0.1223 1.2623)
(85.00 0.1112 1.2639)
(85.50 0.1001 1.2654)
(86.00 0.0890 1.2667)
(86.50 0.0778 1.2678)
(87.00 0.0667 1.2687)
(87.50 0.0556 1.2694)
(88.00 0.0444 1.2699)
(88.50 0.0333 1.2702)
(89.00 0.0222 1.2703)
(89.50 0.0111 1.2703)
(90.00 0.0000 1.2700)
(90.50 -0.0111 1.2695)
(91.00 -0.0221 1.2689)
(91.50 -0.0331 1.2681)
(92.00 -0.0441 1.2670)
(92.50 -0.0551 1.2658)
(93.00 -0.0660 1.2644)
(93.50 -0.0769 1.2628)
(94.00 -0.0878 1.2610)
(94.50 -0.0986 1.2590)
(95.00 -0.1093 1.2568)
(95.50 -0.1200 1.2544)
(96.00 -0.1307 1.2518)
(96.50 -0.1412 1.2491)
(97.00 -0.1518 1.2461)
(97.50 -0.1622 1.2430)
(98.00 -0.1726 1.2397)
(98.50 -0.1829 1.2362)
(99.00 -0.1932 1.2325)
(99.50 -0.2033 1.2286)
(100.00 -0.2134 1.2246)
(100.50 -0.2234 1.2204)
(101.00 -0.2333 1.2159)
(101.50 -0.2431 1.2113)
(102.00 -0.2528 1.2066)
(102.50 -0.2624 1.2016)
(103.00 -0.2719 1.1965)
(103.50 -0.2813 1.1912)
(104.00 -0.2906 1.1858)
(104.50 -0.2998 1.1801)
(105.00 -0.3089 1.1743)
(105.50 -0.3179 1.1683)
(106.00 -0.3267 1.1622)
(106.50 -0.3354 1.1559)
(107.00 -0.3440 1.1495)
(107.50 -0.3525 1.1428)
(108.00 -0.3608 1.1361)
(108.50 -0.3690 1.1291)
(109.00 -0.3771 1.1220)
(109.50 -0.3850 1.1148)
(110.00 -0.3928 1.1074)
(110.50 -0.4004 1.0999)
(111.00 -0.4079 1.0922)
(111.50 -0.4152 1.0844)
(112.00 -0.4224 1.0764)
(112.50 -0.4294 1.0683)
(113.00 -0.4363 1.0601)
(113.50 -0.4430 1.0517)
(114.00 -0.4495 1.0432)
(114.50 -0.4559 1.0346)
(115.00 -0.4621 1.0258)
(115.50 -0.4681 1.0170)
(116.00 -0.4739 1.0080)
(116.50 -0.4796 0.9989)
(117.00 -0.4851 0.9896)
(117.50 -0.4904 0.9803)
(118.00 -0.4955 0.9708)
(118.50 -0.5005 0.9613)
(119.00 -0.5053 0.9516)
(119.50 -0.5098 0.9419)
(120.00 -0.5142 0.9320)
(120.50 -0.5184 0.9220)
(121.00 -0.5224 0.9120)
(121.50 -0.5262 0.9019)
(122.00 -0.5298 0.8916)
(122.50 -0.5331 0.8813)
(123.00 -0.5363 0.8709)
(123.50 -0.5393 0.8605)
(124.00 -0.5421 0.8499)
(124.50 -0.5446 0.8393)
(125.00 -0.5470 0.8287)
(125.50 -0.5491 0.8179)
(126.00 -0.5511 0.8071)
(126.50 -0.5528 0.7963)
(127.00 -0.5543 0.7854)
(127.50 -0.5556 0.7744)
(128.00 -0.5566 0.7634)
(128.50 -0.5574 0.7523)
(129.00 -0.5581 0.7412)
(129.50 -0.5584 0.7301)
(130.00 -0.5586 0.7189)
(130.50 -0.5585 0.7077)
(131.00 -0.5582 0.6965)
(131.50 -0.5577 0.6852)
(132.00 -0.5570 0.6739)
(132.50 -0.5560 0.6626)
(133.00 -0.5548 0.6513)
(133.50 -0.5533 0.6400)
(134.00 -0.5516 0.6287)
(134.50 -0.5497 0.6173)
(135.00 -0.5475 0.6060)
(135.50 -0.5451 0.5947)
(136.00 -0.5424 0.5833)
(136.50 -0.5395 0.5720)
(137.00 -0.5364 0.5607)
(137.50 -0.5330 0.5494)
(138.00 -0.5294 0.5382)
(138.50 -0.5255 0.5269)
(139.00 -0.5214 0.5157)
(139.50 -0.5170 0.5045)
(140.00 -0.5124 0.4933)
(140.50 -0.5075 0.4822)
(141.00 -0.5024 0.4711)
(141.50 -0.4970 0.4601)
(142.00 -0.4913 0.4491)
(142.50 -0.4854 0.4381)
(143.00 -0.4792 0.4272)
(143.50 -0.4728 0.4164)
(144.00 -0.4661 0.4056)
(144.50 -0.4592 0.3949)
(145.00 -0.4519 0.3842)
(145.50 -0.4444 0.3736)
(146.00 -0.4367 0.3631)
(146.50 -0.4286 0.3527)
(147.00 -0.4203 0.3423)
(147.50 -0.4117 0.3321)
(148.00 -0.4028 0.3219)
(148.50 -0.3936 0.3118)
(149.00 -0.3841 0.3017)
(149.50 -0.3744 0.2918)
(150.00 -0.3643 0.2820)
(150.50 -0.3539 0.2723)
(151.00 -0.3432 0.2626)
(151.50 -0.3323 0.2531)
(152.00 -0.3209 0.2437)
(152.50 -0.3093 0.2344)
(153.00 -0.2973 0.2252)
(153.50 -0.2850 0.2162)
(154.00 -0.2723 0.2072)
(154.50 -0.2593 0.1984)
(155.00 -0.2459 0.1897)
(155.50 -0.2321 0.1811)
(156.00 -0.2180 0.1726)
(156.50 -0.2034 0.1643)
(157.00 -0.1884 0.1562)
(157.50 -0.1730 0.1481)
(158.00 -0.1571 0.1402)
(158.50 -0.1408 0.1324)
(159.00 -0.1239 0.1248)
(159.50 -0.1066 0.1174)
(160.00 -0.0887 0.1100)
(160.50 -0.0702 0.1029)
(161.00 -0.0511 0.0958)
(161.50 -0.0314 0.0890)
(162.00 -0.0110 0.0823)
(162.50 0.0101 0.0757)
(163.00 0.0320 0.0694)
(163.50 0.0547 0.0631)
(164.00 0.0784 0.0571)
(164.50 0.1030 0.0512)
(165.00 0.1286 0.0455)
(165.50 0.1554 0.0399)
(166.00 0.1835 0.0345)
(166.50 0.2129 0.0293)
(167.00 0.2439 0.0243)
(167.50 0.2766 0.0195)
(168.00 0.3112 0.0148)
(168.50 0.3479 0.0103)
(169.00 0.3871 0.0060)
(169.50 0.4290 0.0019)
(170.00 0.4740 -0.0021)
(170.50 0.5226 -0.0058)
(171.00 0.5755 -0.0094)
(171.50 0.6333 -0.0128)
(172.00 0.6969 -0.0160)
(172.50 0.7676 -0.0190)
(173.00 0.8467 -0.0218)
(173.50 0.9363 -0.0245)
(174.00 1.0389 -0.0269)
(174.50 1.1581 -0.0291)
(175.00 1.2988 -0.0312)
(175.50 1.4682 -0.0331)
(176.00 1.6770 -0.0347)
(176.50 1.9422 -0.0362)
(177.00 2.2917 -0.0375)
(177.50 2.7763 -0.0385)
(178.00 3.4973 -0.0394)
(178.50 4.6910 -0.0401)
(179.00 7.0665 -0.0406)
(179.50 14.1689 -0.0409)
(180.00 14.1689 -0.0409)
