// Bound.+Viterna
// Re = 1.00E+05
// (alpha_deg cl cd)
(-180.00 -4.5104 -0.0837)
(-179.50 -4.5104 -0.0837)
(-179.00 -2.2382 -0.0834)
(-178.50 -1.4732 -0.0829)
(-178.00 -1.0850 -0.0822)
(-177.50 -0.8476 -0.0813)
(-177.00 -0.6855 -0.0802)
(-176.50 -0.5666 -0.0789)
(-176.00 -0.4746 -0.0774)
(-175.50 -0.4005 -0.0757)
(-175.00 -0.3390 -0.0738)
(-174.50 -0.2868 -0.0717)
(-174.00 -0.2414 -0.0694)
(-173.50 -0.2013 -0.0669)
(-173.00 -0.1654 -0.0643)
(-172.50 -0.1328 -0.0614)
(-172.00 -0.1030 -0.0583)
(-171.50 -0.0755 -0.0551)
(-171.00 -0.0498 -0.0516)
(-170.50 -0.0258 -0.0480)
(-170.00 -0.0032 -0.0442)
(-169.50 0.0182 -0.0402)
(-169.00 0.0386 -0.0360)
(-168.50 0.0581 -0.0316)
(-168.00 0.0767 -0.0270)
(-167.50 0.0946 -0.0223)
(-167.00 0.1118 -0.0173)
(-166.50 0.1285 -0.0122)
(-166.00 0.1445 -0.0069)
(-165.50 0.1601 -0.0015)
(-165.00 0.1753 0.0042)
(-164.50 0.1899 0.0100)
(-164.00 0.2042 0.0160)
(-163.50 0.2181 0.0221)
(-163.00 0.2317 0.0285)
(-162.50 0.2449 0.0350)
(-162.00 0.2577 0.0416)
(-161.50 0.2703 0.0484)
(-161.00 0.2826 0.0554)
(-160.50 0.2946 0.0626)
(-160.00 0.3063 0.0699)
(-159.50 0.3177 0.0773)
(-159.00 0.3289 0.0849)
(-158.50 0.3399 0.0927)
(-158.00 0.3506 0.1006)
(-157.50 0.3610 0.1086)
(-157.00 0.3712 0.1168)
(-156.50 0.3812 0.1251)
(-156.00 0.3909 0.1336)
(-155.50 0.4004 0.1422)
(-155.00 0.4097 0.1509)
(-154.50 0.4188 0.1598)
(-154.00 0.4277 0.1688)
(-153.50 0.4363 0.1779)
(-153.00 0.4447 0.1871)
(-152.50 0.4529 0.1965)
(-152.00 0.4609 0.2060)
(-151.50 0.4687 0.2156)
(-151.00 0.4762 0.2253)
(-150.50 0.4836 0.2351)
(-150.00 0.4907 0.2450)
(-149.50 0.4977 0.2550)
(-149.00 0.5044 0.2651)
(-148.50 0.5109 0.2753)
(-148.00 0.5172 0.2856)
(-147.50 0.5233 0.2960)
(-147.00 0.5291 0.3065)
(-146.50 0.5348 0.3170)
(-146.00 0.5403 0.3277)
(-145.50 0.5455 0.3384)
(-145.00 0.5505 0.3492)
(-144.50 0.5554 0.3601)
(-144.00 0.5600 0.3710)
(-143.50 0.5644 0.3820)
(-143.00 0.5686 0.3931)
(-142.50 0.5726 0.4042)
(-142.00 0.5763 0.4154)
(-141.50 0.5799 0.4266)
(-141.00 0.5833 0.4379)
(-140.50 0.5864 0.4492)
(-140.00 0.5893 0.4606)
(-139.50 0.5920 0.4720)
(-139.00 0.5946 0.4834)
(-138.50 0.5969 0.4949)
(-138.00 0.5990 0.5064)
(-137.50 0.6008 0.5179)
(-137.00 0.6025 0.5295)
(-136.50 0.6040 0.5410)
(-136.00 0.6052 0.5526)
(-135.50 0.6063 0.5642)
(-135.00 0.6071 0.5758)
(-134.50 0.6077 0.5874)
(-134.00 0.6081 0.5990)
(-133.50 0.6084 0.6106)
(-133.00 0.6084 0.6222)
(-132.50 0.6082 0.6338)
(-132.00 0.6077 0.6453)
(-131.50 0.6071 0.6569)
(-131.00 0.6063 0.6684)
(-130.50 0.6053 0.6799)
(-130.00 0.6041 0.6914)
(-129.50 0.6026 0.7029)
(-129.00 0.6010 0.7143)
(-128.50 0.5992 0.7257)
(-128.00 0.5972 0.7371)
(-127.50 0.5949 0.7484)
(-127.00 0.5925 0.7596)
(-126.50 0.5899 0.7708)
(-126.00 0.5871 0.7820)
(-125.50 0.5841 0.7931)
(-125.00 0.5809 0.8041)
(-124.50 0.5775 0.8151)
(-124.00 0.5739 0.8260)
(-123.50 0.5701 0.8369)
(-123.00 0.5661 0.8477)
(-122.50 0.5620 0.8584)
(-122.00 0.5577 0.8690)
(-121.50 0.5532 0.8795)
(-121.00 0.5485 0.8900)
(-120.50 0.5436 0.9003)
(-120.00 0.5385 0.9106)
(-119.50 0.5333 0.9208)
(-119.00 0.5279 0.9309)
(-118.50 0.5223 0.9409)
(-118.00 0.5166 0.9508)
(-117.50 0.5107 0.9605)
(-117.00 0.5046 0.9702)
(-116.50 0.4984 0.9798)
(-116.00 0.4919 0.9892)
(-115.50 0.4854 0.9986)
(-115.00 0.4787 1.0078)
(-114.50 0.4718 1.0169)
(-114.00 0.4648 1.0258)
(-113.50 0.4576 1.0347)
(-113.00 0.4502 1.0434)
(-112.50 0.4428 1.0520)
(-112.00 0.4351 1.0604)
(-111.50 0.4274 1.0687)
(-111.00 0.4195 1.0769)
(-110.50 0.4114 1.0849)
(-110.00 0.4033 1.0928)
(-109.50 0.3950 1.1005)
(-109.00 0.3865 1.1081)
(-108.50 0.3780 1.1156)
(-108.00 0.3693 1.1228)
(-107.50 0.3605 1.1300)
(-107.00 0.3516 1.1370)
(-106.50 0.3425 1.1438)
(-106.00 0.3334 1.1504)
(-105.50 0.3241 1.1569)
(-105.00 0.3148 1.1632)
(-104.50 0.3053 1.1694)
(-104.00 0.2957 1.1754)
(-103.50 0.2861 1.1812)
(-103.00 0.2763 1.1869)
(-102.50 0.2665 1.1924)
(-102.00 0.2565 1.1977)
(-101.50 0.2465 1.2028)
(-101.00 0.2364 1.2078)
(-100.50 0.2262 1.2126)
(-100.00 0.2160 1.2172)
(-99.50 0.2056 1.2216)
(-99.00 0.1952 1.2258)
(-98.50 0.1848 1.2299)
(-98.00 0.1743 1.2337)
(-97.50 0.1637 1.2374)
(-97.00 0.1530 1.2409)
(-96.50 0.1423 1.2442)
(-96.00 0.1316 1.2474)
(-95.50 0.1208 1.2503)
(-95.00 0.1100 1.2531)
(-94.50 0.0991 1.2556)
(-94.00 0.0882 1.2580)
(-93.50 0.0772 1.2602)
(-93.00 0.0663 1.2621)
(-92.50 0.0553 1.2639)
(-92.00 0.0442 1.2655)
(-91.50 0.0332 1.2669)
(-91.00 0.0221 1.2682)
(-90.50 0.0111 1.2692)
(-90.00 -0.0000 1.2700)
(-89.50 -0.0111 1.2706)
(-89.00 -0.0222 1.2711)
(-88.50 -0.0333 1.2713)
(-88.00 -0.0443 1.2714)
(-87.50 -0.0554 1.2712)
(-87.00 -0.0665 1.2709)
(-86.50 -0.0775 1.2704)
(-86.00 -0.0886 1.2697)
(-85.50 -0.0996 1.2688)
(-85.00 -0.1106 1.2677)
(-84.50 -0.1215 1.2664)
(-84.00 -0.1325 1.2649)
(-83.50 -0.1434 1.2632)
(-83.00 -0.1542 1.2613)
(-82.50 -0.1650 1.2593)
(-82.00 -0.1758 1.2571)
(-81.50 -0.1865 1.2546)
(-81.00 -0.1972 1.2520)
(-80.50 -0.2078 1.2492)
(-80.00 -0.2184 1.2462)
(-79.50 -0.2289 1.2431)
(-79.00 -0.2393 1.2397)
(-78.50 -0.2497 1.2362)
(-78.00 -0.2600 1.2325)
(-77.50 -0.2703 1.2286)
(-77.00 -0.2804 1.2246)
(-76.50 -0.2905 1.2203)
(-76.00 -0.3005 1.2159)
(-75.50 -0.3104 1.2114)
(-75.00 -0.3202 1.2066)
(-74.50 -0.3300 1.2017)
(-74.00 -0.3396 1.1966)
(-73.50 -0.3492 1.1913)
(-73.00 -0.3586 1.1859)
(-72.50 -0.3680 1.1803)
(-72.00 -0.3772 1.1746)
(-71.50 -0.3863 1.1687)
(-71.00 -0.3954 1.1627)
(-70.50 -0.4043 1.1564)
(-70.00 -0.4131 1.1501)
(-69.50 -0.4218 1.1436)
(-69.00 -0.4303 1.1369)
(-68.50 -0.4388 1.1301)
(-68.00 -0.4471 1.1232)
(-67.50 -0.4553 1.1161)
(-67.00 -0.4633 1.1088)
(-66.50 -0.4713 1.1015)
(-66.00 -0.4790 1.0940)
(-65.50 -0.4867 1.0863)
(-65.00 -0.4942 1.0786)
(-64.50 -0.5016 1.0707)
(-64.00 -0.5088 1.0627)
(-63.50 -0.5159 1.0545)
(-63.00 -0.5229 1.0463)
(-62.50 -0.5296 1.0379)
(-62.00 -0.5363 1.0294)
(-61.50 -0.5428 1.0208)
(-61.00 -0.5491 1.0121)
(-60.50 -0.5553 1.0033)
(-60.00 -0.5613 0.9944)
(-59.50 -0.5672 0.9854)
(-59.00 -0.5729 0.9762)
(-58.50 -0.5784 0.9670)
(-58.00 -0.5838 0.9577)
(-57.50 -0.5890 0.9484)
(-57.00 -0.5941 0.9389)
(-56.50 -0.5989 0.9293)
(-56.00 -0.6036 0.9197)
(-55.50 -0.6082 0.9100)
(-55.00 -0.6126 0.9002)
(-54.50 -0.6167 0.8904)
(-54.00 -0.6208 0.8805)
(-53.50 -0.6246 0.8705)
(-53.00 -0.6283 0.8604)
(-52.50 -0.6318 0.8503)
(-52.00 -0.6351 0.8402)
(-51.50 -0.6383 0.8300)
(-51.00 -0.6412 0.8197)
(-50.50 -0.6440 0.8094)
(-50.00 -0.6466 0.7991)
(-49.50 -0.6491 0.7887)
(-49.00 -0.6513 0.7783)
(-48.50 -0.6534 0.7679)
(-48.00 -0.6553 0.7574)
(-47.50 -0.6570 0.7469)
(-47.00 -0.6585 0.7364)
(-46.50 -0.6599 0.7259)
(-46.00 -0.6611 0.7153)
(-45.50 -0.6621 0.7048)
(-45.00 -0.6629 0.6942)
(-44.50 -0.6635 0.6837)
(-44.00 -0.6640 0.6731)
(-43.50 -0.6643 0.6625)
(-43.00 -0.6644 0.6520)
(-42.50 -0.6643 0.6414)
(-42.00 -0.6641 0.6309)
(-41.50 -0.6637 0.6203)
(-41.00 -0.6631 0.6098)
(-40.50 -0.6623 0.5993)
(-40.00 -0.6614 0.5889)
(-39.50 -0.6603 0.5785)
(-39.00 -0.6590 0.5681)
(-38.50 -0.6575 0.5577)
(-38.00 -0.6559 0.5474)
(-37.50 -0.6542 0.5371)
(-37.00 -0.6522 0.5269)
(-36.50 -0.6501 0.5167)
(-36.00 -0.6479 0.5065)
(-35.50 -0.6454 0.4964)
(-35.00 -0.6429 0.4864)
(-34.50 -0.6401 0.4765)
(-34.00 -0.6373 0.4666)
(-33.50 -0.6342 0.4567)
(-33.00 -0.6311 0.4470)
(-32.50 -0.6277 0.4373)
(-32.00 -0.6243 0.4277)
(-31.50 -0.6207 0.4181)
(-31.00 -0.6170 0.4087)
(-30.50 -0.6131 0.3993)
(-30.00 -0.6091 0.3900)
(-29.50 -0.6050 0.3808)
(-29.00 -0.6008 0.3718)
(-28.50 -0.5964 0.3628)
(-28.00 -0.5920 0.3539)
(-27.50 -0.5874 0.3451)
(-27.00 -0.5827 0.3364)
(-26.50 -0.5780 0.3278)
(-26.00 -0.5731 0.3193)
(-25.50 -0.5682 0.3110)
(-25.00 -0.5631 0.3027)
(-24.50 -0.5580 0.2946)
(-24.00 -0.5529 0.2866)
(-23.50 -0.5476 0.2787)
(-23.00 -0.5424 0.2710)
(-22.50 -0.5370 0.2634)
(-22.00 -0.5317 0.2559)
(-21.50 -0.5263 0.2485)
(-21.00 -0.5209 0.2413)
(-20.50 -0.5155 0.2342)
(-20.00 -0.5100 0.2273)
(-19.50 -0.5047 0.2205)
(-19.00 -0.4993 0.2138)
(-18.50 -0.4940 0.2073)
(-18.00 -0.4887 0.2009)
(-17.50 -0.4836 0.1947)
(-17.00 -0.4785 0.1887)
(-16.50 -0.4736 0.1827)
(-16.00 -0.4688 0.1770)
(-15.50 -0.4642 0.1714)
(-15.00 -0.4597 0.1660)
(-14.50 -0.4556 0.1607)
(-14.00 -0.4517 0.1556)
(-13.50 -0.4481 0.1506)
(-13.00 -0.4449 0.1459)
(-12.50 -0.4421 0.1413)
(-12.00 -0.4399 0.1368)
(-11.50 -0.4382 0.1326)
(-11.00 -0.4372 0.1285)
(-10.50 -0.4369 0.1245)
(-10.00 -0.4376 0.1208)
(-9.50 -0.4393 0.1172)
(-9.00 -0.4423 0.1138)
(-8.50 -0.4372 0.1084)
(-8.00 -0.4255 0.1025)
(-7.50 -0.4059 0.0957)
(-7.00 -0.3774 0.0881)
(-6.50 -0.3394 0.0796)
(-6.00 -0.2939 0.0706)
(-5.50 -0.2427 0.0614)
(-5.00 -0.1863 0.0526)
(-4.50 -0.1249 0.0447)
(-4.00 -0.0599 0.0379)
(-3.50 0.0062 0.0323)
(-3.00 0.0679 0.0272)
(-2.50 0.1213 0.0222)
(-2.00 0.1716 0.0179)
(-1.50 0.2256 0.0151)
(-1.00 0.2876 0.0130)
(-0.50 0.3592 0.0107)
(0.00 0.4327 0.0090)
(0.50 0.4990 0.0086)
(1.00 0.5512 0.0087)
(1.50 0.5853 0.0086)
(2.00 0.6061 0.0093)
(2.50 0.6223 0.0117)
(3.00 0.6489 0.0147)
(3.50 0.6965 0.0175)
(4.00 0.7529 0.0211)
(4.50 0.8036 0.0266)
(5.00 0.8486 0.0327)
(5.50 0.8903 0.0380)
(6.00 0.9262 0.0436)
(6.50 0.9532 0.0506)
(7.00 0.9708 0.0579)
(7.50 0.9788 0.0643)
(8.00 0.9761 0.0698)
(8.50 0.9380 0.0729)
(9.00 0.9052 0.0762)
(9.50 0.8768 0.0796)
(10.00 0.8522 0.0832)
(10.50 0.8307 0.0871)
(11.00 0.8120 0.0910)
(11.50 0.7957 0.0952)
(12.00 0.7815 0.0995)
(12.50 0.7690 0.1041)
(13.00 0.7582 0.1087)
(13.50 0.7488 0.1136)
(14.00 0.7406 0.1186)
(14.50 0.7335 0.1238)
(15.00 0.7273 0.1292)
(15.50 0.7221 0.1347)
(16.00 0.7176 0.1404)
(16.50 0.7138 0.1462)
(17.00 0.7107 0.1522)
(17.50 0.7081 0.1584)
(18.00 0.7060 0.1647)
(18.50 0.7044 0.1712)
(19.00 0.7031 0.1778)
(19.50 0.7023 0.1845)
(20.00 0.7017 0.1915)
(20.50 0.7014 0.1985)
(21.00 0.7014 0.2057)
(21.50 0.7016 0.2131)
(22.00 0.7020 0.2205)
(22.50 0.7026 0.2282)
(23.00 0.7033 0.2359)
(23.50 0.7042 0.2438)
(24.00 0.7052 0.2518)
(24.50 0.7062 0.2599)
(25.00 0.7074 0.2682)
(25.50 0.7086 0.2766)
(26.00 0.7099 0.2851)
(26.50 0.7112 0.2937)
(27.00 0.7125 0.3024)
(27.50 0.7139 0.3113)
(28.00 0.7152 0.3202)
(28.50 0.7166 0.3293)
(29.00 0.7179 0.3384)
(29.50 0.7192 0.3477)
(30.00 0.7205 0.3570)
(30.50 0.7217 0.3665)
(31.00 0.7229 0.3760)
(31.50 0.7240 0.3856)
(32.00 0.7250 0.3953)
(32.50 0.7260 0.4051)
(33.00 0.7269 0.4150)
(33.50 0.7278 0.4249)
(34.00 0.7285 0.4350)
(34.50 0.7291 0.4451)
(35.00 0.7297 0.4552)
(35.50 0.7302 0.4654)
(36.00 0.7305 0.4757)
(36.50 0.7308 0.4860)
(37.00 0.7309 0.4964)
(37.50 0.7309 0.5069)
(38.00 0.7308 0.5173)
(38.50 0.7306 0.5279)
(39.00 0.7302 0.5384)
(39.50 0.7298 0.5491)
(40.00 0.7291 0.5597)
(40.50 0.7284 0.5704)
(41.00 0.7275 0.5811)
(41.50 0.7265 0.5918)
(42.00 0.7254 0.6025)
(42.50 0.7241 0.6133)
(43.00 0.7226 0.6241)
(43.50 0.7210 0.6349)
(44.00 0.7193 0.6457)
(44.50 0.7174 0.6565)
(45.00 0.7154 0.6673)
(45.50 0.7132 0.6781)
(46.00 0.7109 0.6889)
(46.50 0.7084 0.6997)
(47.00 0.7058 0.7104)
(47.50 0.7030 0.7212)
(48.00 0.7000 0.7319)
(48.50 0.6969 0.7426)
(49.00 0.6937 0.7533)
(49.50 0.6902 0.7640)
(50.00 0.6867 0.7746)
(50.50 0.6829 0.7852)
(51.00 0.6791 0.7957)
(51.50 0.6750 0.8063)
(52.00 0.6708 0.8167)
(52.50 0.6665 0.8271)
(53.00 0.6620 0.8375)
(53.50 0.6573 0.8478)
(54.00 0.6525 0.8581)
(54.50 0.6475 0.8682)
(55.00 0.6424 0.8784)
(55.50 0.6371 0.8884)
(56.00 0.6316 0.8984)
(56.50 0.6261 0.9083)
(57.00 0.6203 0.9181)
(57.50 0.6144 0.9279)
(58.00 0.6084 0.9376)
(58.50 0.6022 0.9471)
(59.00 0.5959 0.9566)
(59.50 0.5894 0.9660)
(60.00 0.5827 0.9753)
(60.50 0.5760 0.9845)
(61.00 0.5691 0.9936)
(61.50 0.5620 1.0026)
(62.00 0.5548 1.0115)
(62.50 0.5475 1.0203)
(63.00 0.5400 1.0290)
(63.50 0.5324 1.0375)
(64.00 0.5247 1.0460)
(64.50 0.5168 1.0543)
(65.00 0.5088 1.0625)
(65.50 0.5007 1.0705)
(66.00 0.4925 1.0785)
(66.50 0.4841 1.0863)
(67.00 0.4756 1.0939)
(67.50 0.4670 1.1015)
(68.00 0.4583 1.1089)
(68.50 0.4495 1.1161)
(69.00 0.4405 1.1233)
(69.50 0.4315 1.1302)
(70.00 0.4223 1.1370)
(70.50 0.4131 1.1437)
(71.00 0.4037 1.1502)
(71.50 0.3942 1.1566)
(72.00 0.3847 1.1628)
(72.50 0.3750 1.1689)
(73.00 0.3652 1.1748)
(73.50 0.3554 1.1805)
(74.00 0.3455 1.1861)
(74.50 0.3355 1.1915)
(75.00 0.3254 1.1967)
(75.50 0.3152 1.2018)
(76.00 0.3050 1.2067)
(76.50 0.2947 1.2114)
(77.00 0.2843 1.2160)
(77.50 0.2738 1.2204)
(78.00 0.2633 1.2246)
(78.50 0.2527 1.2286)
(79.00 0.2421 1.2325)
(79.50 0.2314 1.2361)
(80.00 0.2207 1.2396)
(80.50 0.2099 1.2429)
(81.00 0.1990 1.2461)
(81.50 0.1882 1.2490)
(82.00 0.1773 1.2518)
(82.50 0.1663 1.2543)
(83.00 0.1553 1.2567)
(83.50 0.1443 1.2589)
(84.00 0.1333 1.2609)
(84.50 0.1222 1.2627)
(85.00 0.1111 1.2643)
(85.50 0.1000 1.2658)
(86.00 0.0889 1.2670)
(86.50 0.0778 1.2681)
(87.00 0.0667 1.2689)
(87.50 0.0556 1.2696)
(88.00 0.0444 1.2700)
(88.50 0.0333 1.2703)
(89.00 0.0222 1.2704)
(89.50 0.0111 1.2703)
(90.00 0.0000 1.2700)
(90.50 -0.0111 1.2695)
(91.00 -0.0221 1.2688)
(91.50 -0.0332 1.2679)
(92.00 -0.0442 1.2669)
(92.50 -0.0551 1.2656)
(93.00 -0.0661 1.2641)
(93.50 -0.0770 1.2625)
(94.00 -0.0878 1.2606)
(94.50 -0.0986 1.2586)
(95.00 -0.1094 1.2564)
(95.50 -0.1201 1.2540)
(96.00 -0.1308 1.2514)
(96.50 -0.1414 1.2486)
(97.00 -0.1519 1.2456)
(97.50 -0.1624 1.2424)
(98.00 -0.1728 1.2390)
(98.50 -0.1831 1.2355)
(99.00 -0.1934 1.2318)
(99.50 -0.2036 1.2279)
(100.00 -0.2137 1.2238)
(100.50 -0.2237 1.2195)
(101.00 -0.2337 1.2151)
(101.50 -0.2435 1.2104)
(102.00 -0.2533 1.2056)
(102.50 -0.2629 1.2006)
(103.00 -0.2725 1.1955)
(103.50 -0.2819 1.1901)
(104.00 -0.2913 1.1846)
(104.50 -0.3005 1.1790)
(105.00 -0.3096 1.1731)
(105.50 -0.3186 1.1671)
(106.00 -0.3275 1.1609)
(106.50 -0.3363 1.1546)
(107.00 -0.3449 1.1481)
(107.50 -0.3534 1.1414)
(108.00 -0.3618 1.1346)
(108.50 -0.3701 1.1277)
(109.00 -0.3782 1.1205)
(109.50 -0.3862 1.1133)
(110.00 -0.3940 1.1058)
(110.50 -0.4017 1.0983)
(111.00 -0.4093 1.0905)
(111.50 -0.4167 1.0827)
(112.00 -0.4239 1.0747)
(112.50 -0.4310 1.0665)
(113.00 -0.4379 1.0583)
(113.50 -0.4447 1.0499)
(114.00 -0.4513 1.0413)
(114.50 -0.4578 1.0327)
(115.00 -0.4640 1.0239)
(115.50 -0.4701 1.0150)
(116.00 -0.4761 1.0059)
(116.50 -0.4818 0.9968)
(117.00 -0.4874 0.9875)
(117.50 -0.4928 0.9781)
(118.00 -0.4981 0.9687)
(118.50 -0.5031 0.9591)
(119.00 -0.5080 0.9494)
(119.50 -0.5126 0.9396)
(120.00 -0.5171 0.9297)
(120.50 -0.5214 0.9197)
(121.00 -0.5255 0.9096)
(121.50 -0.5294 0.8994)
(122.00 -0.5331 0.8892)
(122.50 -0.5366 0.8788)
(123.00 -0.5399 0.8684)
(123.50 -0.5430 0.8579)
(124.00 -0.5459 0.8474)
(124.50 -0.5486 0.8367)
(125.00 -0.5510 0.8260)
(125.50 -0.5533 0.8152)
(126.00 -0.5554 0.8044)
(126.50 -0.5572 0.7935)
(127.00 -0.5588 0.7826)
(127.50 -0.5603 0.7716)
(128.00 -0.5615 0.7605)
(128.50 -0.5624 0.7494)
(129.00 -0.5632 0.7383)
(129.50 -0.5637 0.7271)
(130.00 -0.5640 0.7159)
(130.50 -0.5641 0.7047)
(131.00 -0.5640 0.6934)
(131.50 -0.5636 0.6821)
(132.00 -0.5630 0.6708)
(132.50 -0.5622 0.6595)
(133.00 -0.5611 0.6482)
(133.50 -0.5599 0.6368)
(134.00 -0.5583 0.6255)
(134.50 -0.5566 0.6141)
(135.00 -0.5546 0.6027)
(135.50 -0.5524 0.5914)
(136.00 -0.5499 0.5800)
(136.50 -0.5472 0.5687)
(137.00 -0.5443 0.5573)
(137.50 -0.5411 0.5460)
(138.00 -0.5377 0.5347)
(138.50 -0.5340 0.5234)
(139.00 -0.5301 0.5122)
(139.50 -0.5260 0.5010)
(140.00 -0.5216 0.4898)
(140.50 -0.5169 0.4786)
(141.00 -0.5120 0.4675)
(141.50 -0.5069 0.4564)
(142.00 -0.5015 0.4454)
(142.50 -0.4958 0.4344)
(143.00 -0.4899 0.4235)
(143.50 -0.4837 0.4127)
(144.00 -0.4773 0.4018)
(144.50 -0.4706 0.3911)
(145.00 -0.4637 0.3804)
(145.50 -0.4565 0.3698)
(146.00 -0.4490 0.3593)
(146.50 -0.4413 0.3488)
(147.00 -0.4333 0.3384)
(147.50 -0.4250 0.3281)
(148.00 -0.4164 0.3179)
(148.50 -0.4076 0.3078)
(149.00 -0.3985 0.2978)
(149.50 -0.3891 0.2878)
(150.00 -0.3794 0.2780)
(150.50 -0.3694 0.2682)
(151.00 -0.3591 0.2586)
(151.50 -0.3485 0.2490)
(152.00 -0.3376 0.2396)
(152.50 -0.3264 0.2303)
(153.00 -0.3149 0.2211)
(153.50 -0.3031 0.2120)
(154.00 -0.2909 0.2030)
(154.50 -0.2784 0.1942)
(155.00 -0.2655 0.1855)
(155.50 -0.2522 0.1769)
(156.00 -0.2386 0.1684)
(156.50 -0.2246 0.1601)
(157.00 -0.2102 0.1519)
(157.50 -0.1954 0.1438)
(158.00 -0.1802 0.1359)
(158.50 -0.1645 0.1281)
(159.00 -0.1484 0.1205)
(159.50 -0.1318 0.1130)
(160.00 -0.1146 0.1057)
(160.50 -0.0970 0.0985)
(161.00 -0.0788 0.0915)
(161.50 -0.0599 0.0846)
(162.00 -0.0405 0.0779)
(162.50 -0.0203 0.0713)
(163.00 0.0005 0.0649)
(163.50 0.0222 0.0587)
(164.00 0.0446 0.0526)
(164.50 0.0680 0.0467)
(165.00 0.0923 0.0410)
(165.50 0.1177 0.0354)
(166.00 0.1443 0.0300)
(166.50 0.1722 0.0248)
(167.00 0.2015 0.0198)
(167.50 0.2323 0.0149)
(168.00 0.2649 0.0103)
(168.50 0.2995 0.0058)
(169.00 0.3363 0.0014)
(169.50 0.3756 -0.0027)
(170.00 0.4178 -0.0067)
(170.50 0.4633 -0.0104)
(171.00 0.5127 -0.0140)
(171.50 0.5667 -0.0174)
(172.00 0.6260 -0.0206)
(172.50 0.6918 -0.0236)
(173.00 0.7654 -0.0264)
(173.50 0.8486 -0.0291)
(174.00 0.9437 -0.0315)
(174.50 1.0541 -0.0338)
(175.00 1.1843 -0.0358)
(175.50 1.3408 -0.0377)
(176.00 1.5335 -0.0394)
(176.50 1.7780 -0.0408)
(177.00 2.1000 -0.0421)
(177.50 2.5461 -0.0432)
(178.00 3.2094 -0.0441)
(178.50 4.3069 -0.0448)
(179.00 6.4901 -0.0453)
(179.50 13.0159 -0.0455)
(180.00 13.0159 -0.0455)
