// Bound.+Viterna
// Re = 1.00E+05
// (alpha_deg cl cd)
(-180.00 -4.6556 -0.0764)
(-179.50 -4.6556 -0.0764)
(-179.00 -2.3108 -0.0761)
(-178.50 -1.5216 -0.0756)
(-178.00 -1.1213 -0.0750)
(-177.50 -0.8766 -0.0741)
(-177.00 -0.7097 -0.0730)
(-176.50 -0.5873 -0.0717)
(-176.00 -0.4926 -0.0702)
(-175.50 -0.4166 -0.0685)
(-175.00 -0.3535 -0.0666)
(-174.50 -0.2999 -0.0645)
(-174.00 -0.2533 -0.0623)
(-173.50 -0.2123 -0.0598)
(-173.00 -0.1756 -0.0571)
(-172.50 -0.1424 -0.0543)
(-172.00 -0.1119 -0.0512)
(-171.50 -0.0839 -0.0480)
(-171.00 -0.0578 -0.0445)
(-170.50 -0.0333 -0.0409)
(-170.00 -0.0103 -0.0371)
(-169.50 0.0115 -0.0331)
(-169.00 0.0322 -0.0289)
(-168.50 0.0520 -0.0245)
(-168.00 0.0709 -0.0200)
(-167.50 0.0890 -0.0152)
(-167.00 0.1065 -0.0103)
(-166.50 0.1233 -0.0052)
(-166.00 0.1396 0.0001)
(-165.50 0.1554 0.0055)
(-165.00 0.1707 0.0111)
(-164.50 0.1855 0.0169)
(-164.00 0.2000 0.0229)
(-163.50 0.2140 0.0291)
(-163.00 0.2277 0.0354)
(-162.50 0.2410 0.0418)
(-162.00 0.2540 0.0485)
(-161.50 0.2667 0.0553)
(-161.00 0.2791 0.0622)
(-160.50 0.2912 0.0694)
(-160.00 0.3030 0.0766)
(-159.50 0.3146 0.0841)
(-159.00 0.3258 0.0916)
(-158.50 0.3369 0.0994)
(-158.00 0.3476 0.1072)
(-157.50 0.3582 0.1153)
(-157.00 0.3685 0.1234)
(-156.50 0.3785 0.1317)
(-156.00 0.3883 0.1402)
(-155.50 0.3979 0.1487)
(-155.00 0.4073 0.1575)
(-154.50 0.4164 0.1663)
(-154.00 0.4253 0.1753)
(-153.50 0.4340 0.1843)
(-153.00 0.4425 0.1936)
(-152.50 0.4508 0.2029)
(-152.00 0.4588 0.2123)
(-151.50 0.4666 0.2219)
(-151.00 0.4742 0.2316)
(-150.50 0.4816 0.2413)
(-150.00 0.4888 0.2512)
(-149.50 0.4958 0.2612)
(-149.00 0.5026 0.2713)
(-148.50 0.5091 0.2814)
(-148.00 0.5155 0.2917)
(-147.50 0.5216 0.3021)
(-147.00 0.5275 0.3125)
(-146.50 0.5332 0.3231)
(-146.00 0.5387 0.3337)
(-145.50 0.5440 0.3444)
(-145.00 0.5491 0.3551)
(-144.50 0.5539 0.3659)
(-144.00 0.5586 0.3768)
(-143.50 0.5630 0.3878)
(-143.00 0.5672 0.3988)
(-142.50 0.5713 0.4099)
(-142.00 0.5751 0.4211)
(-141.50 0.5787 0.4323)
(-141.00 0.5820 0.4435)
(-140.50 0.5852 0.4548)
(-140.00 0.5882 0.4661)
(-139.50 0.5909 0.4775)
(-139.00 0.5935 0.4889)
(-138.50 0.5958 0.5003)
(-138.00 0.5979 0.5117)
(-137.50 0.5998 0.5232)
(-137.00 0.6015 0.5347)
(-136.50 0.6030 0.5462)
(-136.00 0.6043 0.5578)
(-135.50 0.6053 0.5693)
(-135.00 0.6062 0.5809)
(-134.50 0.6069 0.5924)
(-134.00 0.6073 0.6040)
(-133.50 0.6075 0.6155)
(-133.00 0.6076 0.6271)
(-132.50 0.6074 0.6386)
(-132.00 0.6070 0.6502)
(-131.50 0.6064 0.6617)
(-131.00 0.6056 0.6732)
(-130.50 0.6046 0.6846)
(-130.00 0.6034 0.6961)
(-129.50 0.6020 0.7075)
(-129.00 0.6004 0.7189)
(-128.50 0.5986 0.7302)
(-128.00 0.5965 0.7415)
(-127.50 0.5943 0.7528)
(-127.00 0.5919 0.7640)
(-126.50 0.5893 0.7751)
(-126.00 0.5865 0.7862)
(-125.50 0.5835 0.7973)
(-125.00 0.5803 0.8083)
(-124.50 0.5770 0.8192)
(-124.00 0.5734 0.8301)
(-123.50 0.5696 0.8409)
(-123.00 0.5657 0.8516)
(-122.50 0.5616 0.8622)
(-122.00 0.5572 0.8728)
(-121.50 0.5527 0.8833)
(-121.00 0.5481 0.8937)
(-120.50 0.5432 0.9040)
(-120.00 0.5382 0.9142)
(-119.50 0.5330 0.9244)
(-119.00 0.5276 0.9344)
(-118.50 0.5220 0.9443)
(-118.00 0.5163 0.9542)
(-117.50 0.5104 0.9639)
(-117.00 0.5043 0.9735)
(-116.50 0.4981 0.9830)
(-116.00 0.4917 0.9924)
(-115.50 0.4851 1.0017)
(-115.00 0.4784 1.0108)
(-114.50 0.4715 1.0199)
(-114.00 0.4645 1.0288)
(-113.50 0.4573 1.0375)
(-113.00 0.4500 1.0462)
(-112.50 0.4426 1.0547)
(-112.00 0.4349 1.0631)
(-111.50 0.4272 1.0714)
(-111.00 0.4193 1.0795)
(-110.50 0.4113 1.0874)
(-110.00 0.4031 1.0953)
(-109.50 0.3948 1.1029)
(-109.00 0.3864 1.1105)
(-108.50 0.3778 1.1178)
(-108.00 0.3692 1.1251)
(-107.50 0.3604 1.1321)
(-107.00 0.3514 1.1391)
(-106.50 0.3424 1.1458)
(-106.00 0.3333 1.1524)
(-105.50 0.3240 1.1588)
(-105.00 0.3147 1.1651)
(-104.50 0.3052 1.1712)
(-104.00 0.2957 1.1772)
(-103.50 0.2860 1.1829)
(-103.00 0.2763 1.1885)
(-102.50 0.2664 1.1939)
(-102.00 0.2565 1.1992)
(-101.50 0.2465 1.2043)
(-101.00 0.2364 1.2092)
(-100.50 0.2262 1.2139)
(-100.00 0.2159 1.2184)
(-99.50 0.2056 1.2228)
(-99.00 0.1952 1.2269)
(-98.50 0.1848 1.2309)
(-98.00 0.1742 1.2347)
(-97.50 0.1637 1.2384)
(-97.00 0.1530 1.2418)
(-96.50 0.1423 1.2451)
(-96.00 0.1316 1.2481)
(-95.50 0.1208 1.2510)
(-95.00 0.1100 1.2537)
(-94.50 0.0991 1.2562)
(-94.00 0.0882 1.2585)
(-93.50 0.0772 1.2606)
(-93.00 0.0663 1.2625)
(-92.50 0.0553 1.2642)
(-92.00 0.0442 1.2658)
(-91.50 0.0332 1.2671)
(-91.00 0.0221 1.2683)
(-90.50 0.0111 1.2692)
(-90.00 -0.0000 1.2700)
(-89.50 -0.0111 1.2706)
(-89.00 -0.0222 1.2709)
(-88.50 -0.0333 1.2711)
(-88.00 -0.0443 1.2711)
(-87.50 -0.0554 1.2709)
(-87.00 -0.0665 1.2705)
(-86.50 -0.0775 1.2699)
(-86.00 -0.0886 1.2692)
(-85.50 -0.0996 1.2682)
(-85.00 -0.1106 1.2670)
(-84.50 -0.1215 1.2657)
(-84.00 -0.1325 1.2641)
(-83.50 -0.1434 1.2624)
(-83.00 -0.1542 1.2605)
(-82.50 -0.1650 1.2584)
(-82.00 -0.1758 1.2561)
(-81.50 -0.1866 1.2536)
(-81.00 -0.1972 1.2509)
(-80.50 -0.2079 1.2480)
(-80.00 -0.2184 1.2450)
(-79.50 -0.2289 1.2418)
(-79.00 -0.2394 1.2384)
(-78.50 -0.2498 1.2348)
(-78.00 -0.2601 1.2310)
(-77.50 -0.2703 1.2271)
(-77.00 -0.2805 1.2230)
(-76.50 -0.2906 1.2187)
(-76.00 -0.3006 1.2142)
(-75.50 -0.3105 1.2095)
(-75.00 -0.3203 1.2047)
(-74.50 -0.3301 1.1998)
(-74.00 -0.3397 1.1946)
(-73.50 -0.3493 1.1893)
(-73.00 -0.3587 1.1838)
(-72.50 -0.3681 1.1782)
(-72.00 -0.3773 1.1724)
(-71.50 -0.3865 1.1664)
(-71.00 -0.3955 1.1603)
(-70.50 -0.4044 1.1540)
(-70.00 -0.4132 1.1476)
(-69.50 -0.4219 1.1410)
(-69.00 -0.4305 1.1343)
(-68.50 -0.4389 1.1275)
(-68.00 -0.4473 1.1205)
(-67.50 -0.4555 1.1133)
(-67.00 -0.4635 1.1060)
(-66.50 -0.4715 1.0986)
(-66.00 -0.4793 1.0910)
(-65.50 -0.4869 1.0833)
(-65.00 -0.4945 1.0755)
(-64.50 -0.5019 1.0676)
(-64.00 -0.5091 1.0595)
(-63.50 -0.5162 1.0513)
(-63.00 -0.5231 1.0430)
(-62.50 -0.5300 1.0346)
(-62.00 -0.5366 1.0260)
(-61.50 -0.5431 1.0174)
(-61.00 -0.5495 1.0086)
(-60.50 -0.5556 0.9997)
(-60.00 -0.5617 0.9908)
(-59.50 -0.5676 0.9817)
(-59.00 -0.5733 0.9725)
(-58.50 -0.5788 0.9633)
(-58.00 -0.5842 0.9539)
(-57.50 -0.5894 0.9445)
(-57.00 -0.5945 0.9350)
(-56.50 -0.5994 0.9254)
(-56.00 -0.6041 0.9157)
(-55.50 -0.6087 0.9059)
(-55.00 -0.6131 0.8961)
(-54.50 -0.6173 0.8862)
(-54.00 -0.6213 0.8762)
(-53.50 -0.6252 0.8662)
(-53.00 -0.6289 0.8561)
(-52.50 -0.6324 0.8459)
(-52.00 -0.6357 0.8357)
(-51.50 -0.6389 0.8255)
(-51.00 -0.6419 0.8152)
(-50.50 -0.6447 0.8049)
(-50.00 -0.6473 0.7945)
(-49.50 -0.6498 0.7840)
(-49.00 -0.6520 0.7736)
(-48.50 -0.6541 0.7631)
(-48.00 -0.6561 0.7526)
(-47.50 -0.6578 0.7421)
(-47.00 -0.6594 0.7315)
(-46.50 -0.6607 0.7209)
(-46.00 -0.6619 0.7103)
(-45.50 -0.6630 0.6997)
(-45.00 -0.6638 0.6891)
(-44.50 -0.6645 0.6785)
(-44.00 -0.6650 0.6679)
(-43.50 -0.6653 0.6573)
(-43.00 -0.6654 0.6467)
(-42.50 -0.6654 0.6361)
(-42.00 -0.6651 0.6255)
(-41.50 -0.6647 0.6149)
(-41.00 -0.6642 0.6044)
(-40.50 -0.6634 0.5939)
(-40.00 -0.6625 0.5834)
(-39.50 -0.6615 0.5729)
(-39.00 -0.6602 0.5625)
(-38.50 -0.6588 0.5521)
(-38.00 -0.6572 0.5417)
(-37.50 -0.6555 0.5314)
(-37.00 -0.6536 0.5211)
(-36.50 -0.6515 0.5109)
(-36.00 -0.6493 0.5007)
(-35.50 -0.6469 0.4906)
(-35.00 -0.6444 0.4805)
(-34.50 -0.6417 0.4705)
(-34.00 -0.6388 0.4606)
(-33.50 -0.6358 0.4507)
(-33.00 -0.6327 0.4409)
(-32.50 -0.6294 0.4312)
(-32.00 -0.6260 0.4215)
(-31.50 -0.6225 0.4120)
(-31.00 -0.6188 0.4025)
(-30.50 -0.6150 0.3931)
(-30.00 -0.6110 0.3838)
(-29.50 -0.6070 0.3746)
(-29.00 -0.6028 0.3655)
(-28.50 -0.5985 0.3564)
(-28.00 -0.5941 0.3475)
(-27.50 -0.5896 0.3387)
(-27.00 -0.5849 0.3300)
(-26.50 -0.5802 0.3214)
(-26.00 -0.5754 0.3129)
(-25.50 -0.5706 0.3045)
(-25.00 -0.5656 0.2962)
(-24.50 -0.5606 0.2881)
(-24.00 -0.5555 0.2800)
(-23.50 -0.5503 0.2721)
(-23.00 -0.5451 0.2644)
(-22.50 -0.5399 0.2567)
(-22.00 -0.5346 0.2492)
(-21.50 -0.5293 0.2418)
(-21.00 -0.5239 0.2346)
(-20.50 -0.5186 0.2275)
(-20.00 -0.5133 0.2205)
(-19.50 -0.5080 0.2137)
(-19.00 -0.5028 0.2070)
(-18.50 -0.4976 0.2005)
(-18.00 -0.4925 0.1941)
(-17.50 -0.4874 0.1878)
(-17.00 -0.4825 0.1818)
(-16.50 -0.4777 0.1758)
(-16.00 -0.4730 0.1701)
(-15.50 -0.4686 0.1645)
(-15.00 -0.4643 0.1590)
(-14.50 -0.4603 0.1537)
(-14.00 -0.4566 0.1486)
(-13.50 -0.4532 0.1436)
(-13.00 -0.4503 0.1389)
(-12.50 -0.4477 0.1342)
(-12.00 -0.4457 0.1298)
(-11.50 -0.4443 0.1255)
(-11.00 -0.4435 0.1214)
(-10.50 -0.4436 0.1174)
(-10.00 -0.4447 0.1137)
(-9.50 -0.4468 0.1101)
(-9.00 -0.4502 0.1067)
(-8.50 -0.4552 0.1035)
(-8.00 -0.4620 0.1004)
(-7.50 -0.4609 0.0947)
(-7.00 -0.4505 0.0883)
(-6.50 -0.4276 0.0808)
(-6.00 -0.3922 0.0725)
(-5.50 -0.3450 0.0636)
(-5.00 -0.2858 0.0545)
(-4.50 -0.2150 0.0458)
(-4.00 -0.1374 0.0383)
(-3.50 -0.0593 0.0324)
(-3.00 0.0119 0.0272)
(-2.50 0.0717 0.0221)
(-2.00 0.1288 0.0177)
(-1.50 0.1922 0.0148)
(-1.00 0.2593 0.0127)
(-0.50 0.3256 0.0105)
(0.00 0.3905 0.0086)
(0.50 0.4520 0.0077)
(1.00 0.4979 0.0082)
(1.50 0.5213 0.0102)
(2.00 0.5469 0.0128)
(2.50 0.5978 0.0150)
(3.00 0.6580 0.0179)
(3.50 0.7078 0.0225)
(4.00 0.7509 0.0279)
(4.50 0.7948 0.0330)
(5.00 0.8370 0.0386)
(5.50 0.8732 0.0454)
(6.00 0.9005 0.0527)
(6.50 0.9171 0.0597)
(7.00 0.9239 0.0660)
(7.50 0.8819 0.0687)
(8.00 0.8464 0.0716)
(8.50 0.8162 0.0747)
(9.00 0.7904 0.0780)
(9.50 0.7683 0.0814)
(10.00 0.7494 0.0851)
(10.50 0.7331 0.0889)
(11.00 0.7191 0.0929)
(11.50 0.7071 0.0970)
(12.00 0.6968 0.1014)
(12.50 0.6880 0.1059)
(13.00 0.6805 0.1105)
(13.50 0.6742 0.1154)
(14.00 0.6689 0.1204)
(14.50 0.6646 0.1256)
(15.00 0.6610 0.1309)
(15.50 0.6582 0.1365)
(16.00 0.6559 0.1421)
(16.50 0.6543 0.1480)
(17.00 0.6531 0.1540)
(17.50 0.6525 0.1601)
(18.00 0.6522 0.1664)
(18.50 0.6522 0.1729)
(19.00 0.6526 0.1795)
(19.50 0.6533 0.1863)
(20.00 0.6542 0.1932)
(20.50 0.6553 0.2002)
(21.00 0.6566 0.2074)
(21.50 0.6581 0.2148)
(22.00 0.6598 0.2223)
(22.50 0.6615 0.2299)
(23.00 0.6634 0.2376)
(23.50 0.6654 0.2455)
(24.00 0.6674 0.2535)
(24.50 0.6695 0.2616)
(25.00 0.6716 0.2699)
(25.50 0.6738 0.2782)
(26.00 0.6760 0.2867)
(26.50 0.6782 0.2953)
(27.00 0.6804 0.3041)
(27.50 0.6825 0.3129)
(28.00 0.6847 0.3218)
(28.50 0.6868 0.3309)
(29.00 0.6889 0.3400)
(29.50 0.6909 0.3493)
(30.00 0.6929 0.3586)
(30.50 0.6948 0.3681)
(31.00 0.6966 0.3776)
(31.50 0.6984 0.3872)
(32.00 0.7001 0.3969)
(32.50 0.7017 0.4067)
(33.00 0.7032 0.4166)
(33.50 0.7046 0.4265)
(34.00 0.7059 0.4365)
(34.50 0.7071 0.4466)
(35.00 0.7082 0.4567)
(35.50 0.7092 0.4669)
(36.00 0.7100 0.4772)
(36.50 0.7108 0.4875)
(37.00 0.7114 0.4979)
(37.50 0.7119 0.5083)
(38.00 0.7122 0.5188)
(38.50 0.7125 0.5293)
(39.00 0.7126 0.5399)
(39.50 0.7125 0.5505)
(40.00 0.7123 0.5611)
(40.50 0.7120 0.5718)
(41.00 0.7115 0.5825)
(41.50 0.7109 0.5932)
(42.00 0.7102 0.6039)
(42.50 0.7093 0.6147)
(43.00 0.7082 0.6254)
(43.50 0.7070 0.6362)
(44.00 0.7056 0.6470)
(44.50 0.7041 0.6578)
(45.00 0.7024 0.6686)
(45.50 0.7005 0.6794)
(46.00 0.6985 0.6902)
(46.50 0.6964 0.7009)
(47.00 0.6941 0.7117)
(47.50 0.6916 0.7224)
(48.00 0.6889 0.7332)
(48.50 0.6861 0.7439)
(49.00 0.6832 0.7545)
(49.50 0.6800 0.7652)
(50.00 0.6767 0.7758)
(50.50 0.6733 0.7864)
(51.00 0.6697 0.7969)
(51.50 0.6659 0.8074)
(52.00 0.6620 0.8179)
(52.50 0.6579 0.8283)
(53.00 0.6536 0.8386)
(53.50 0.6492 0.8489)
(54.00 0.6446 0.8591)
(54.50 0.6399 0.8693)
(55.00 0.6350 0.8794)
(55.50 0.6299 0.8895)
(56.00 0.6247 0.8994)
(56.50 0.6193 0.9093)
(57.00 0.6138 0.9191)
(57.50 0.6081 0.9289)
(58.00 0.6023 0.9385)
(58.50 0.5963 0.9481)
(59.00 0.5902 0.9576)
(59.50 0.5839 0.9670)
(60.00 0.5774 0.9762)
(60.50 0.5708 0.9854)
(61.00 0.5641 0.9945)
(61.50 0.5572 1.0035)
(62.00 0.5502 1.0124)
(62.50 0.5431 1.0212)
(63.00 0.5358 1.0298)
(63.50 0.5283 1.0383)
(64.00 0.5208 1.0468)
(64.50 0.5131 1.0551)
(65.00 0.5052 1.0632)
(65.50 0.4972 1.0713)
(66.00 0.4892 1.0792)
(66.50 0.4809 1.0870)
(67.00 0.4726 1.0947)
(67.50 0.4641 1.1022)
(68.00 0.4555 1.1096)
(68.50 0.4468 1.1168)
(69.00 0.4380 1.1239)
(69.50 0.4291 1.1309)
(70.00 0.4200 1.1377)
(70.50 0.4109 1.1443)
(71.00 0.4016 1.1508)
(71.50 0.3923 1.1572)
(72.00 0.3828 1.1634)
(72.50 0.3733 1.1694)
(73.00 0.3636 1.1753)
(73.50 0.3539 1.1810)
(74.00 0.3440 1.1866)
(74.50 0.3341 1.1920)
(75.00 0.3241 1.1972)
(75.50 0.3140 1.2023)
(76.00 0.3039 1.2072)
(76.50 0.2936 1.2119)
(77.00 0.2833 1.2164)
(77.50 0.2729 1.2208)
(78.00 0.2625 1.2250)
(78.50 0.2520 1.2290)
(79.00 0.2414 1.2328)
(79.50 0.2308 1.2365)
(80.00 0.2201 1.2400)
(80.50 0.2094 1.2432)
(81.00 0.1986 1.2464)
(81.50 0.1878 1.2493)
(82.00 0.1769 1.2520)
(82.50 0.1660 1.2546)
(83.00 0.1550 1.2569)
(83.50 0.1441 1.2591)
(84.00 0.1331 1.2611)
(84.50 0.1220 1.2629)
(85.00 0.1110 1.2645)
(85.50 0.0999 1.2659)
(86.00 0.0888 1.2671)
(86.50 0.0777 1.2682)
(87.00 0.0666 1.2690)
(87.50 0.0555 1.2697)
(88.00 0.0444 1.2701)
(88.50 0.0333 1.2704)
(89.00 0.0222 1.2704)
(89.50 0.0111 1.2703)
(90.00 0.0000 1.2700)
(90.50 -0.0111 1.2695)
(91.00 -0.0221 1.2688)
(91.50 -0.0332 1.2679)
(92.00 -0.0442 1.2668)
(92.50 -0.0552 1.2655)
(93.00 -0.0661 1.2640)
(93.50 -0.0770 1.2624)
(94.00 -0.0879 1.2605)
(94.50 -0.0987 1.2585)
(95.00 -0.1095 1.2562)
(95.50 -0.1203 1.2538)
(96.00 -0.1310 1.2512)
(96.50 -0.1416 1.2483)
(97.00 -0.1522 1.2453)
(97.50 -0.1627 1.2422)
(98.00 -0.1732 1.2388)
(98.50 -0.1836 1.2352)
(99.00 -0.1939 1.2315)
(99.50 -0.2041 1.2276)
(100.00 -0.2143 1.2235)
(100.50 -0.2243 1.2192)
(101.00 -0.2343 1.2147)
(101.50 -0.2442 1.2101)
(102.00 -0.2541 1.2052)
(102.50 -0.2638 1.2002)
(103.00 -0.2734 1.1951)
(103.50 -0.2829 1.1897)
(104.00 -0.2924 1.1842)
(104.50 -0.3017 1.1785)
(105.00 -0.3109 1.1726)
(105.50 -0.3200 1.1666)
(106.00 -0.3290 1.1604)
(106.50 -0.3378 1.1541)
(107.00 -0.3466 1.1476)
(107.50 -0.3552 1.1409)
(108.00 -0.3637 1.1341)
(108.50 -0.3720 1.1271)
(109.00 -0.3803 1.1199)
(109.50 -0.3884 1.1126)
(110.00 -0.3963 1.1052)
(110.50 -0.4041 1.0976)
(111.00 -0.4118 1.0899)
(111.50 -0.4193 1.0820)
(112.00 -0.4267 1.0740)
(112.50 -0.4339 1.0658)
(113.00 -0.4410 1.0576)
(113.50 -0.4479 1.0491)
(114.00 -0.4546 1.0406)
(114.50 -0.4612 1.0319)
(115.00 -0.4677 1.0231)
(115.50 -0.4739 1.0142)
(116.00 -0.4800 1.0051)
(116.50 -0.4859 0.9960)
(117.00 -0.4917 0.9867)
(117.50 -0.4973 0.9773)
(118.00 -0.5027 0.9678)
(118.50 -0.5079 0.9582)
(119.00 -0.5129 0.9485)
(119.50 -0.5178 0.9387)
(120.00 -0.5224 0.9288)
(120.50 -0.5269 0.9188)
(121.00 -0.5312 0.9087)
(121.50 -0.5353 0.8985)
(122.00 -0.5392 0.8882)
(122.50 -0.5429 0.8778)
(123.00 -0.5464 0.8674)
(123.50 -0.5497 0.8569)
(124.00 -0.5528 0.8463)
(124.50 -0.5557 0.8357)
(125.00 -0.5584 0.8249)
(125.50 -0.5609 0.8142)
(126.00 -0.5632 0.8033)
(126.50 -0.5653 0.7924)
(127.00 -0.5672 0.7814)
(127.50 -0.5689 0.7704)
(128.00 -0.5703 0.7594)
(128.50 -0.5715 0.7483)
(129.00 -0.5726 0.7371)
(129.50 -0.5734 0.7260)
(130.00 -0.5740 0.7147)
(130.50 -0.5743 0.7035)
(131.00 -0.5745 0.6922)
(131.50 -0.5744 0.6809)
(132.00 -0.5741 0.6696)
(132.50 -0.5736 0.6583)
(133.00 -0.5729 0.6469)
(133.50 -0.5719 0.6355)
(134.00 -0.5707 0.6242)
(134.50 -0.5693 0.6128)
(135.00 -0.5676 0.6014)
(135.50 -0.5657 0.5900)
(136.00 -0.5636 0.5787)
(136.50 -0.5613 0.5673)
(137.00 -0.5587 0.5560)
(137.50 -0.5559 0.5446)
(138.00 -0.5529 0.5333)
(138.50 -0.5496 0.5220)
(139.00 -0.5461 0.5108)
(139.50 -0.5423 0.4996)
(140.00 -0.5384 0.4884)
(140.50 -0.5341 0.4772)
(141.00 -0.5297 0.4661)
(141.50 -0.5250 0.4550)
(142.00 -0.5200 0.4440)
(142.50 -0.5148 0.4330)
(143.00 -0.5094 0.4220)
(143.50 -0.5037 0.4112)
(144.00 -0.4978 0.4004)
(144.50 -0.4916 0.3896)
(145.00 -0.4852 0.3789)
(145.50 -0.4786 0.3683)
(146.00 -0.4716 0.3578)
(146.50 -0.4645 0.3473)
(147.00 -0.4570 0.3369)
(147.50 -0.4494 0.3266)
(148.00 -0.4414 0.3164)
(148.50 -0.4332 0.3062)
(149.00 -0.4247 0.2962)
(149.50 -0.4160 0.2862)
(150.00 -0.4070 0.2764)
(150.50 -0.3977 0.2666)
(151.00 -0.3882 0.2570)
(151.50 -0.3783 0.2474)
(152.00 -0.3682 0.2380)
(152.50 -0.3578 0.2287)
(153.00 -0.3471 0.2194)
(153.50 -0.3361 0.2103)
(154.00 -0.3248 0.2014)
(154.50 -0.3132 0.1925)
(155.00 -0.3012 0.1838)
(155.50 -0.2890 0.1752)
(156.00 -0.2764 0.1667)
(156.50 -0.2634 0.1584)
(157.00 -0.2501 0.1502)
(157.50 -0.2365 0.1421)
(158.00 -0.2224 0.1342)
(158.50 -0.2080 0.1264)
(159.00 -0.1932 0.1188)
(159.50 -0.1779 0.1113)
(160.00 -0.1622 0.1039)
(160.50 -0.1460 0.0967)
(161.00 -0.1293 0.0897)
(161.50 -0.1121 0.0828)
(162.00 -0.0943 0.0761)
(162.50 -0.0760 0.0695)
(163.00 -0.0570 0.0631)
(163.50 -0.0374 0.0569)
(164.00 -0.0171 0.0508)
(164.50 0.0041 0.0449)
(165.00 0.0260 0.0392)
(165.50 0.0489 0.0336)
(166.00 0.0727 0.0282)
(166.50 0.0977 0.0230)
(167.00 0.1238 0.0180)
(167.50 0.1513 0.0131)
(168.00 0.1802 0.0084)
(168.50 0.2108 0.0039)
(169.00 0.2433 -0.0004)
(169.50 0.2780 -0.0045)
(170.00 0.3150 -0.0085)
(170.50 0.3549 -0.0122)
(171.00 0.3980 -0.0158)
(171.50 0.4449 -0.0192)
(172.00 0.4964 -0.0224)
(172.50 0.5532 -0.0254)
(173.00 0.6167 -0.0283)
(173.50 0.6881 -0.0309)
(174.00 0.7696 -0.0334)
(174.50 0.8639 -0.0356)
(175.00 0.9747 -0.0377)
(175.50 1.1077 -0.0395)
(176.00 1.2710 -0.0412)
(176.50 1.4777 -0.0427)
(177.00 1.7493 -0.0439)
(177.50 2.1250 -0.0450)
(178.00 2.6828 -0.0459)
(178.50 3.6044 -0.0466)
(179.00 5.4361 -0.0471)
(179.50 10.9075 -0.0474)
(180.00 10.9075 -0.0474)
