// Bound.+Viterna
// Re = 1.00E+05
// (alpha_deg cl cd)
(-180.00 -4.7874 -0.0737)
(-179.50 -4.7874 -0.0737)
(-179.00 -2.3766 -0.0734)
(-178.50 -1.5654 -0.0729)
(-178.00 -1.1542 -0.0722)
(-177.50 -0.9029 -0.0713)
(-177.00 -0.7316 -0.0702)
(-176.50 -0.6060 -0.0689)
(-176.00 -0.5090 -0.0675)
(-175.50 -0.4311 -0.0658)
(-175.00 -0.3666 -0.0639)
(-174.50 -0.3117 -0.0618)
(-174.00 -0.2642 -0.0595)
(-173.50 -0.2223 -0.0571)
(-173.00 -0.1849 -0.0544)
(-172.50 -0.1510 -0.0516)
(-172.00 -0.1200 -0.0485)
(-171.50 -0.0915 -0.0453)
(-171.00 -0.0649 -0.0418)
(-170.50 -0.0401 -0.0382)
(-170.00 -0.0167 -0.0344)
(-169.50 0.0054 -0.0304)
(-169.00 0.0264 -0.0262)
(-168.50 0.0464 -0.0219)
(-168.00 0.0656 -0.0173)
(-167.50 0.0839 -0.0126)
(-167.00 0.1016 -0.0077)
(-166.50 0.1187 -0.0026)
(-166.00 0.1351 0.0027)
(-165.50 0.1511 0.0081)
(-165.00 0.1665 0.0138)
(-164.50 0.1815 0.0196)
(-164.00 0.1961 0.0255)
(-163.50 0.2103 0.0317)
(-163.00 0.2241 0.0380)
(-162.50 0.2376 0.0444)
(-162.00 0.2507 0.0511)
(-161.50 0.2635 0.0579)
(-161.00 0.2760 0.0648)
(-160.50 0.2881 0.0719)
(-160.00 0.3001 0.0792)
(-159.50 0.3117 0.0866)
(-159.00 0.3231 0.0942)
(-158.50 0.3342 0.1019)
(-158.00 0.3450 0.1098)
(-157.50 0.3556 0.1178)
(-157.00 0.3660 0.1259)
(-156.50 0.3761 0.1342)
(-156.00 0.3860 0.1427)
(-155.50 0.3956 0.1512)
(-155.00 0.4050 0.1599)
(-154.50 0.4142 0.1688)
(-154.00 0.4232 0.1777)
(-153.50 0.4320 0.1868)
(-153.00 0.4405 0.1960)
(-152.50 0.4488 0.2053)
(-152.00 0.4569 0.2147)
(-151.50 0.4648 0.2243)
(-151.00 0.4724 0.2339)
(-150.50 0.4799 0.2437)
(-150.00 0.4871 0.2536)
(-149.50 0.4941 0.2635)
(-149.00 0.5009 0.2736)
(-148.50 0.5075 0.2838)
(-148.00 0.5139 0.2940)
(-147.50 0.5201 0.3044)
(-147.00 0.5260 0.3148)
(-146.50 0.5318 0.3253)
(-146.00 0.5373 0.3359)
(-145.50 0.5426 0.3466)
(-145.00 0.5477 0.3573)
(-144.50 0.5526 0.3682)
(-144.00 0.5573 0.3791)
(-143.50 0.5618 0.3900)
(-143.00 0.5660 0.4010)
(-142.50 0.5701 0.4121)
(-142.00 0.5739 0.4232)
(-141.50 0.5775 0.4344)
(-141.00 0.5809 0.4456)
(-140.50 0.5841 0.4569)
(-140.00 0.5871 0.4682)
(-139.50 0.5899 0.4795)
(-139.00 0.5925 0.4909)
(-138.50 0.5948 0.5023)
(-138.00 0.5970 0.5138)
(-137.50 0.5989 0.5252)
(-137.00 0.6006 0.5367)
(-136.50 0.6021 0.5482)
(-136.00 0.6034 0.5597)
(-135.50 0.6045 0.5713)
(-135.00 0.6054 0.5828)
(-134.50 0.6061 0.5943)
(-134.00 0.6065 0.6059)
(-133.50 0.6068 0.6174)
(-133.00 0.6068 0.6290)
(-132.50 0.6067 0.6405)
(-132.00 0.6063 0.6520)
(-131.50 0.6057 0.6635)
(-131.00 0.6049 0.6749)
(-130.50 0.6040 0.6864)
(-130.00 0.6028 0.6978)
(-129.50 0.6014 0.7092)
(-129.00 0.5998 0.7206)
(-128.50 0.5980 0.7319)
(-128.00 0.5960 0.7432)
(-127.50 0.5938 0.7544)
(-127.00 0.5914 0.7656)
(-126.50 0.5888 0.7767)
(-126.00 0.5860 0.7878)
(-125.50 0.5831 0.7989)
(-125.00 0.5799 0.8098)
(-124.50 0.5765 0.8208)
(-124.00 0.5730 0.8316)
(-123.50 0.5692 0.8424)
(-123.00 0.5653 0.8531)
(-122.50 0.5612 0.8637)
(-122.00 0.5569 0.8742)
(-121.50 0.5524 0.8847)
(-121.00 0.5477 0.8951)
(-120.50 0.5429 0.9054)
(-120.00 0.5378 0.9156)
(-119.50 0.5326 0.9257)
(-119.00 0.5273 0.9357)
(-118.50 0.5217 0.9456)
(-118.00 0.5160 0.9554)
(-117.50 0.5101 0.9651)
(-117.00 0.5040 0.9747)
(-116.50 0.4978 0.9842)
(-116.00 0.4914 0.9936)
(-115.50 0.4849 1.0028)
(-115.00 0.4782 1.0120)
(-114.50 0.4713 1.0210)
(-114.00 0.4643 1.0299)
(-113.50 0.4571 1.0386)
(-113.00 0.4498 1.0473)
(-112.50 0.4424 1.0558)
(-112.00 0.4348 1.0641)
(-111.50 0.4270 1.0724)
(-111.00 0.4191 1.0804)
(-110.50 0.4111 1.0884)
(-110.00 0.4030 1.0962)
(-109.50 0.3947 1.1038)
(-109.00 0.3863 1.1114)
(-108.50 0.3777 1.1187)
(-108.00 0.3690 1.1259)
(-107.50 0.3603 1.1330)
(-107.00 0.3513 1.1399)
(-106.50 0.3423 1.1466)
(-106.00 0.3332 1.1532)
(-105.50 0.3239 1.1596)
(-105.00 0.3146 1.1658)
(-104.50 0.3051 1.1719)
(-104.00 0.2956 1.1778)
(-103.50 0.2859 1.1836)
(-103.00 0.2762 1.1891)
(-102.50 0.2664 1.1945)
(-102.00 0.2564 1.1998)
(-101.50 0.2464 1.2048)
(-101.00 0.2363 1.2097)
(-100.50 0.2261 1.2144)
(-100.00 0.2159 1.2189)
(-99.50 0.2056 1.2232)
(-99.00 0.1952 1.2274)
(-98.50 0.1847 1.2313)
(-98.00 0.1742 1.2351)
(-97.50 0.1636 1.2387)
(-97.00 0.1530 1.2421)
(-96.50 0.1423 1.2454)
(-96.00 0.1316 1.2484)
(-95.50 0.1208 1.2513)
(-95.00 0.1099 1.2539)
(-94.50 0.0991 1.2564)
(-94.00 0.0882 1.2587)
(-93.50 0.0772 1.2608)
(-93.00 0.0663 1.2627)
(-92.50 0.0553 1.2644)
(-92.00 0.0442 1.2659)
(-91.50 0.0332 1.2672)
(-91.00 0.0221 1.2683)
(-90.50 0.0111 1.2693)
(-90.00 -0.0000 1.2700)
(-89.50 -0.0111 1.2705)
(-89.00 -0.0222 1.2709)
(-88.50 -0.0333 1.2711)
(-88.00 -0.0443 1.2710)
(-87.50 -0.0554 1.2708)
(-87.00 -0.0665 1.2704)
(-86.50 -0.0775 1.2698)
(-86.00 -0.0886 1.2690)
(-85.50 -0.0996 1.2680)
(-85.00 -0.1106 1.2668)
(-84.50 -0.1216 1.2654)
(-84.00 -0.1325 1.2638)
(-83.50 -0.1434 1.2621)
(-83.00 -0.1542 1.2601)
(-82.50 -0.1651 1.2580)
(-82.00 -0.1758 1.2557)
(-81.50 -0.1866 1.2532)
(-81.00 -0.1973 1.2505)
(-80.50 -0.2079 1.2476)
(-80.00 -0.2185 1.2445)
(-79.50 -0.2290 1.2413)
(-79.00 -0.2394 1.2378)
(-78.50 -0.2498 1.2342)
(-78.00 -0.2601 1.2304)
(-77.50 -0.2704 1.2265)
(-77.00 -0.2805 1.2223)
(-76.50 -0.2906 1.2180)
(-76.00 -0.3006 1.2135)
(-75.50 -0.3106 1.2089)
(-75.00 -0.3204 1.2040)
(-74.50 -0.3302 1.1990)
(-74.00 -0.3398 1.1939)
(-73.50 -0.3494 1.1885)
(-73.00 -0.3588 1.1830)
(-72.50 -0.3682 1.1774)
(-72.00 -0.3774 1.1715)
(-71.50 -0.3866 1.1656)
(-71.00 -0.3956 1.1594)
(-70.50 -0.4046 1.1531)
(-70.00 -0.4134 1.1467)
(-69.50 -0.4221 1.1401)
(-69.00 -0.4307 1.1334)
(-68.50 -0.4391 1.1265)
(-68.00 -0.4474 1.1194)
(-67.50 -0.4557 1.1123)
(-67.00 -0.4637 1.1050)
(-66.50 -0.4717 1.0975)
(-66.00 -0.4795 1.0899)
(-65.50 -0.4872 1.0822)
(-65.00 -0.4947 1.0744)
(-64.50 -0.5021 1.0664)
(-64.00 -0.5093 1.0583)
(-63.50 -0.5164 1.0501)
(-63.00 -0.5234 1.0418)
(-62.50 -0.5302 1.0333)
(-62.00 -0.5369 1.0247)
(-61.50 -0.5434 1.0161)
(-61.00 -0.5498 1.0073)
(-60.50 -0.5560 0.9984)
(-60.00 -0.5620 0.9894)
(-59.50 -0.5679 0.9803)
(-59.00 -0.5736 0.9711)
(-58.50 -0.5792 0.9619)
(-58.00 -0.5846 0.9525)
(-57.50 -0.5898 0.9430)
(-57.00 -0.5949 0.9335)
(-56.50 -0.5998 0.9239)
(-56.00 -0.6046 0.9142)
(-55.50 -0.6091 0.9044)
(-55.00 -0.6135 0.8945)
(-54.50 -0.6178 0.8846)
(-54.00 -0.6218 0.8746)
(-53.50 -0.6257 0.8646)
(-53.00 -0.6294 0.8545)
(-52.50 -0.6329 0.8443)
(-52.00 -0.6363 0.8341)
(-51.50 -0.6395 0.8238)
(-51.00 -0.6425 0.8135)
(-50.50 -0.6453 0.8031)
(-50.00 -0.6479 0.7927)
(-49.50 -0.6504 0.7823)
(-49.00 -0.6527 0.7718)
(-48.50 -0.6548 0.7613)
(-48.00 -0.6568 0.7508)
(-47.50 -0.6585 0.7402)
(-47.00 -0.6601 0.7296)
(-46.50 -0.6615 0.7190)
(-46.00 -0.6627 0.7084)
(-45.50 -0.6637 0.6978)
(-45.00 -0.6646 0.6872)
(-44.50 -0.6653 0.6766)
(-44.00 -0.6658 0.6659)
(-43.50 -0.6661 0.6553)
(-43.00 -0.6663 0.6447)
(-42.50 -0.6663 0.6341)
(-42.00 -0.6661 0.6235)
(-41.50 -0.6657 0.6129)
(-41.00 -0.6652 0.6023)
(-40.50 -0.6645 0.5918)
(-40.00 -0.6636 0.5813)
(-39.50 -0.6625 0.5708)
(-39.00 -0.6613 0.5603)
(-38.50 -0.6599 0.5499)
(-38.00 -0.6584 0.5396)
(-37.50 -0.6567 0.5292)
(-37.00 -0.6548 0.5189)
(-36.50 -0.6527 0.5087)
(-36.00 -0.6506 0.4985)
(-35.50 -0.6482 0.4884)
(-35.00 -0.6457 0.4783)
(-34.50 -0.6430 0.4683)
(-34.00 -0.6402 0.4583)
(-33.50 -0.6373 0.4484)
(-33.00 -0.6342 0.4386)
(-32.50 -0.6309 0.4289)
(-32.00 -0.6276 0.4192)
(-31.50 -0.6241 0.4097)
(-31.00 -0.6204 0.4002)
(-30.50 -0.6166 0.3908)
(-30.00 -0.6127 0.3814)
(-29.50 -0.6087 0.3722)
(-29.00 -0.6046 0.3631)
(-28.50 -0.6003 0.3540)
(-28.00 -0.5960 0.3451)
(-27.50 -0.5915 0.3363)
(-27.00 -0.5870 0.3275)
(-26.50 -0.5823 0.3189)
(-26.00 -0.5776 0.3104)
(-25.50 -0.5727 0.3020)
(-25.00 -0.5678 0.2937)
(-24.50 -0.5629 0.2856)
(-24.00 -0.5578 0.2775)
(-23.50 -0.5527 0.2696)
(-23.00 -0.5476 0.2618)
(-22.50 -0.5424 0.2542)
(-22.00 -0.5372 0.2467)
(-21.50 -0.5320 0.2393)
(-21.00 -0.5267 0.2320)
(-20.50 -0.5215 0.2249)
(-20.00 -0.5163 0.2179)
(-19.50 -0.5111 0.2111)
(-19.00 -0.5059 0.2044)
(-18.50 -0.5008 0.1979)
(-18.00 -0.4958 0.1915)
(-17.50 -0.4909 0.1852)
(-17.00 -0.4861 0.1792)
(-16.50 -0.4814 0.1732)
(-16.00 -0.4769 0.1674)
(-15.50 -0.4726 0.1618)
(-15.00 -0.4685 0.1564)
(-14.50 -0.4646 0.1511)
(-14.00 -0.4611 0.1460)
(-13.50 -0.4579 0.1410)
(-13.00 -0.4551 0.1362)
(-12.50 -0.4528 0.1316)
(-12.00 -0.4510 0.1271)
(-11.50 -0.4498 0.1228)
(-11.00 -0.4494 0.1187)
(-10.50 -0.4497 0.1148)
(-10.00 -0.4511 0.1110)
(-9.50 -0.4536 0.1074)
(-9.00 -0.4574 0.1040)
(-8.50 -0.4628 0.1008)
(-8.00 -0.4701 0.0977)
(-7.50 -0.4718 0.0920)
(-7.00 -0.4676 0.0857)
(-6.50 -0.4539 0.0786)
(-6.00 -0.4292 0.0708)
(-5.50 -0.3926 0.0624)
(-5.00 -0.3431 0.0538)
(-4.50 -0.2806 0.0456)
(-4.00 -0.2095 0.0384)
(-3.50 -0.1352 0.0323)
(-3.00 -0.0645 0.0268)
(-2.50 -0.0016 0.0212)
(-2.00 0.0597 0.0164)
(-1.50 0.1258 0.0133)
(-1.00 0.1933 0.0113)
(-0.50 0.2587 0.0098)
(0.00 0.3285 0.0085)
(0.50 0.4054 0.0076)
(1.00 0.4668 0.0079)
(1.50 0.4953 0.0098)
(2.00 0.5195 0.0122)
(2.50 0.5688 0.0142)
(3.00 0.6285 0.0172)
(3.50 0.6784 0.0224)
(4.00 0.7210 0.0285)
(4.50 0.7627 0.0342)
(5.00 0.8037 0.0402)
(5.50 0.8417 0.0472)
(6.00 0.8705 0.0545)
(6.50 0.8850 0.0612)
(7.00 0.8888 0.0677)
(7.50 0.8492 0.0704)
(8.00 0.8159 0.0733)
(8.50 0.7875 0.0764)
(9.00 0.7634 0.0797)
(9.50 0.7428 0.0831)
(10.00 0.7251 0.0868)
(10.50 0.7101 0.0906)
(11.00 0.6972 0.0945)
(11.50 0.6862 0.0987)
(12.00 0.6768 0.1030)
(12.50 0.6689 0.1075)
(13.00 0.6622 0.1122)
(13.50 0.6566 0.1171)
(14.00 0.6520 0.1221)
(14.50 0.6483 0.1273)
(15.00 0.6454 0.1326)
(15.50 0.6431 0.1381)
(16.00 0.6414 0.1438)
(16.50 0.6402 0.1496)
(17.00 0.6396 0.1556)
(17.50 0.6393 0.1618)
(18.00 0.6394 0.1681)
(18.50 0.6399 0.1745)
(19.00 0.6407 0.1811)
(19.50 0.6417 0.1879)
(20.00 0.6430 0.1948)
(20.50 0.6444 0.2018)
(21.00 0.6461 0.2090)
(21.50 0.6479 0.2164)
(22.00 0.6498 0.2238)
(22.50 0.6519 0.2314)
(23.00 0.6540 0.2392)
(23.50 0.6562 0.2471)
(24.00 0.6585 0.2551)
(24.50 0.6608 0.2632)
(25.00 0.6632 0.2714)
(25.50 0.6656 0.2798)
(26.00 0.6680 0.2883)
(26.50 0.6704 0.2969)
(27.00 0.6728 0.3056)
(27.50 0.6751 0.3144)
(28.00 0.6775 0.3234)
(28.50 0.6798 0.3324)
(29.00 0.6820 0.3415)
(29.50 0.6842 0.3508)
(30.00 0.6863 0.3601)
(30.50 0.6884 0.3695)
(31.00 0.6904 0.3791)
(31.50 0.6923 0.3887)
(32.00 0.6942 0.3984)
(32.50 0.6959 0.4081)
(33.00 0.6976 0.4180)
(33.50 0.6991 0.4279)
(34.00 0.7005 0.4379)
(34.50 0.7019 0.4480)
(35.00 0.7031 0.4581)
(35.50 0.7042 0.4683)
(36.00 0.7052 0.4786)
(36.50 0.7061 0.4889)
(37.00 0.7068 0.4993)
(37.50 0.7074 0.5097)
(38.00 0.7079 0.5202)
(38.50 0.7082 0.5307)
(39.00 0.7084 0.5412)
(39.50 0.7085 0.5518)
(40.00 0.7084 0.5624)
(40.50 0.7082 0.5731)
(41.00 0.7078 0.5838)
(41.50 0.7073 0.5945)
(42.00 0.7066 0.6052)
(42.50 0.7058 0.6159)
(43.00 0.7048 0.6267)
(43.50 0.7036 0.6375)
(44.00 0.7024 0.6482)
(44.50 0.7009 0.6590)
(45.00 0.6993 0.6698)
(45.50 0.6975 0.6806)
(46.00 0.6956 0.6913)
(46.50 0.6935 0.7021)
(47.00 0.6913 0.7129)
(47.50 0.6889 0.7236)
(48.00 0.6863 0.7343)
(48.50 0.6836 0.7450)
(49.00 0.6807 0.7557)
(49.50 0.6776 0.7663)
(50.00 0.6744 0.7769)
(50.50 0.6710 0.7875)
(51.00 0.6675 0.7980)
(51.50 0.6638 0.8085)
(52.00 0.6599 0.8189)
(52.50 0.6558 0.8293)
(53.00 0.6516 0.8396)
(53.50 0.6473 0.8499)
(54.00 0.6428 0.8601)
(54.50 0.6381 0.8703)
(55.00 0.6332 0.8804)
(55.50 0.6282 0.8904)
(56.00 0.6231 0.9004)
(56.50 0.6177 0.9103)
(57.00 0.6123 0.9201)
(57.50 0.6066 0.9298)
(58.00 0.6008 0.9394)
(58.50 0.5949 0.9490)
(59.00 0.5888 0.9585)
(59.50 0.5826 0.9678)
(60.00 0.5762 0.9771)
(60.50 0.5696 0.9863)
(61.00 0.5630 0.9954)
(61.50 0.5561 1.0043)
(62.00 0.5491 1.0132)
(62.50 0.5420 1.0219)
(63.00 0.5348 1.0306)
(63.50 0.5274 1.0391)
(64.00 0.5198 1.0475)
(64.50 0.5122 1.0558)
(65.00 0.5044 1.0640)
(65.50 0.4964 1.0720)
(66.00 0.4884 1.0799)
(66.50 0.4802 1.0877)
(67.00 0.4719 1.0953)
(67.50 0.4634 1.1028)
(68.00 0.4549 1.1102)
(68.50 0.4462 1.1174)
(69.00 0.4374 1.1245)
(69.50 0.4285 1.1315)
(70.00 0.4195 1.1383)
(70.50 0.4104 1.1449)
(71.00 0.4011 1.1514)
(71.50 0.3918 1.1577)
(72.00 0.3824 1.1639)
(72.50 0.3728 1.1700)
(73.00 0.3632 1.1758)
(73.50 0.3535 1.1815)
(74.00 0.3437 1.1871)
(74.50 0.3338 1.1925)
(75.00 0.3238 1.1977)
(75.50 0.3137 1.2027)
(76.00 0.3036 1.2076)
(76.50 0.2934 1.2123)
(77.00 0.2831 1.2168)
(77.50 0.2727 1.2212)
(78.00 0.2623 1.2253)
(78.50 0.2518 1.2293)
(79.00 0.2412 1.2332)
(79.50 0.2306 1.2368)
(80.00 0.2200 1.2402)
(80.50 0.2092 1.2435)
(81.00 0.1985 1.2466)
(81.50 0.1877 1.2495)
(82.00 0.1768 1.2522)
(82.50 0.1659 1.2548)
(83.00 0.1550 1.2571)
(83.50 0.1440 1.2593)
(84.00 0.1330 1.2613)
(84.50 0.1220 1.2630)
(85.00 0.1110 1.2646)
(85.50 0.0999 1.2660)
(86.00 0.0888 1.2673)
(86.50 0.0777 1.2683)
(87.00 0.0666 1.2691)
(87.50 0.0555 1.2697)
(88.00 0.0444 1.2702)
(88.50 0.0333 1.2704)
(89.00 0.0222 1.2705)
(89.50 0.0111 1.2703)
(90.00 0.0000 1.2700)
(90.50 -0.0111 1.2695)
(91.00 -0.0221 1.2688)
(91.50 -0.0332 1.2678)
(92.00 -0.0442 1.2667)
(92.50 -0.0552 1.2654)
(93.00 -0.0661 1.2639)
(93.50 -0.0770 1.2623)
(94.00 -0.0879 1.2604)
(94.50 -0.0988 1.2583)
(95.00 -0.1096 1.2561)
(95.50 -0.1203 1.2536)
(96.00 -0.1310 1.2510)
(96.50 -0.1417 1.2482)
(97.00 -0.1523 1.2451)
(97.50 -0.1628 1.2419)
(98.00 -0.1733 1.2386)
(98.50 -0.1836 1.2350)
(99.00 -0.1940 1.2312)
(99.50 -0.2042 1.2273)
(100.00 -0.2144 1.2232)
(100.50 -0.2245 1.2189)
(101.00 -0.2345 1.2144)
(101.50 -0.2444 1.2097)
(102.00 -0.2543 1.2049)
(102.50 -0.2640 1.1999)
(103.00 -0.2736 1.1947)
(103.50 -0.2832 1.1893)
(104.00 -0.2926 1.1838)
(104.50 -0.3020 1.1781)
(105.00 -0.3112 1.1722)
(105.50 -0.3203 1.1662)
(106.00 -0.3293 1.1599)
(106.50 -0.3382 1.1536)
(107.00 -0.3470 1.1471)
(107.50 -0.3556 1.1404)
(108.00 -0.3641 1.1335)
(108.50 -0.3725 1.1265)
(109.00 -0.3807 1.1194)
(109.50 -0.3889 1.1121)
(110.00 -0.3968 1.1046)
(110.50 -0.4047 1.0970)
(111.00 -0.4124 1.0893)
(111.50 -0.4199 1.0814)
(112.00 -0.4273 1.0733)
(112.50 -0.4346 1.0652)
(113.00 -0.4417 1.0569)
(113.50 -0.4486 1.0484)
(114.00 -0.4554 1.0399)
(114.50 -0.4621 1.0312)
(115.00 -0.4685 1.0224)
(115.50 -0.4748 1.0134)
(116.00 -0.4809 1.0044)
(116.50 -0.4869 0.9952)
(117.00 -0.4927 0.9859)
(117.50 -0.4983 0.9765)
(118.00 -0.5037 0.9670)
(118.50 -0.5090 0.9574)
(119.00 -0.5141 0.9476)
(119.50 -0.5190 0.9378)
(120.00 -0.5237 0.9279)
(120.50 -0.5282 0.9179)
(121.00 -0.5325 0.9078)
(121.50 -0.5367 0.8976)
(122.00 -0.5406 0.8873)
(122.50 -0.5444 0.8769)
(123.00 -0.5479 0.8665)
(123.50 -0.5513 0.8560)
(124.00 -0.5545 0.8454)
(124.50 -0.5574 0.8347)
(125.00 -0.5602 0.8240)
(125.50 -0.5627 0.8132)
(126.00 -0.5651 0.8023)
(126.50 -0.5672 0.7914)
(127.00 -0.5692 0.7804)
(127.50 -0.5709 0.7694)
(128.00 -0.5724 0.7583)
(128.50 -0.5737 0.7472)
(129.00 -0.5748 0.7361)
(129.50 -0.5756 0.7249)
(130.00 -0.5763 0.7136)
(130.50 -0.5767 0.7024)
(131.00 -0.5770 0.6911)
(131.50 -0.5770 0.6798)
(132.00 -0.5767 0.6685)
(132.50 -0.5763 0.6571)
(133.00 -0.5756 0.6457)
(133.50 -0.5747 0.6344)
(134.00 -0.5736 0.6230)
(134.50 -0.5723 0.6116)
(135.00 -0.5707 0.6002)
(135.50 -0.5689 0.5888)
(136.00 -0.5669 0.5774)
(136.50 -0.5646 0.5661)
(137.00 -0.5621 0.5547)
(137.50 -0.5594 0.5434)
(138.00 -0.5565 0.5321)
(138.50 -0.5533 0.5208)
(139.00 -0.5499 0.5095)
(139.50 -0.5462 0.4982)
(140.00 -0.5423 0.4870)
(140.50 -0.5382 0.4759)
(141.00 -0.5338 0.4647)
(141.50 -0.5292 0.4536)
(142.00 -0.5244 0.4426)
(142.50 -0.5193 0.4316)
(143.00 -0.5140 0.4207)
(143.50 -0.5085 0.4098)
(144.00 -0.5027 0.3990)
(144.50 -0.4966 0.3882)
(145.00 -0.4903 0.3775)
(145.50 -0.4838 0.3669)
(146.00 -0.4770 0.3563)
(146.50 -0.4699 0.3459)
(147.00 -0.4626 0.3355)
(147.50 -0.4551 0.3251)
(148.00 -0.4473 0.3149)
(148.50 -0.4392 0.3048)
(149.00 -0.4309 0.2947)
(149.50 -0.4224 0.2847)
(150.00 -0.4135 0.2749)
(150.50 -0.4044 0.2651)
(151.00 -0.3950 0.2555)
(151.50 -0.3854 0.2459)
(152.00 -0.3754 0.2365)
(152.50 -0.3652 0.2271)
(153.00 -0.3547 0.2179)
(153.50 -0.3439 0.2088)
(154.00 -0.3328 0.1998)
(154.50 -0.3214 0.1910)
(155.00 -0.3097 0.1822)
(155.50 -0.2976 0.1736)
(156.00 -0.2853 0.1652)
(156.50 -0.2726 0.1568)
(157.00 -0.2596 0.1486)
(157.50 -0.2462 0.1405)
(158.00 -0.2324 0.1326)
(158.50 -0.2183 0.1248)
(159.00 -0.2037 0.1172)
(159.50 -0.1888 0.1097)
(160.00 -0.1734 0.1023)
(160.50 -0.1575 0.0951)
(161.00 -0.1412 0.0881)
(161.50 -0.1244 0.0812)
(162.00 -0.1070 0.0745)
(162.50 -0.0891 0.0679)
(163.00 -0.0706 0.0615)
(163.50 -0.0515 0.0553)
(164.00 -0.0316 0.0492)
(164.50 -0.0110 0.0433)
(165.00 0.0104 0.0375)
(165.50 0.0326 0.0320)
(166.00 0.0558 0.0266)
(166.50 0.0801 0.0214)
(167.00 0.1055 0.0163)
(167.50 0.1321 0.0115)
(168.00 0.1602 0.0068)
(168.50 0.1899 0.0023)
(169.00 0.2214 -0.0021)
(169.50 0.2549 -0.0062)
(170.00 0.2908 -0.0102)
(170.50 0.3293 -0.0139)
(171.00 0.3709 -0.0175)
(171.50 0.4162 -0.0209)
(172.00 0.4658 -0.0241)
(172.50 0.5205 -0.0271)
(173.00 0.5816 -0.0300)
(173.50 0.6503 -0.0326)
(174.00 0.7285 -0.0351)
(174.50 0.8190 -0.0373)
(175.00 0.9253 -0.0394)
(175.50 1.0527 -0.0412)
(176.00 1.2091 -0.0429)
(176.50 1.4068 -0.0444)
(177.00 1.6666 -0.0457)
(177.50 2.0257 -0.0467)
(178.00 2.5585 -0.0476)
(178.50 3.4387 -0.0483)
(179.00 5.1874 -0.0488)
(179.50 10.4100 -0.0491)
(180.00 10.4100 -0.0491)
