// Bound.+Viterna
// Re = 1.00E+05
// (alpha_deg cl cd)
(-180.00 -7.6664 -0.0900)
(-179.50 -7.6664 -0.0900)
(-179.00 -3.8158 -0.0897)
(-178.50 -2.5246 -0.0892)
(-178.00 -1.8732 -0.0885)
(-177.50 -1.4778 -0.0876)
(-177.00 -1.2104 -0.0865)
(-176.50 -1.0161 -0.0852)
(-176.00 -0.8675 -0.0837)
(-175.50 -0.7494 -0.0820)
(-175.00 -0.6527 -0.0801)
(-174.50 -0.5715 -0.0780)
(-174.00 -0.5020 -0.0757)
(-173.50 -0.4414 -0.0732)
(-173.00 -0.3880 -0.0705)
(-172.50 -0.3402 -0.0677)
(-172.00 -0.2971 -0.0646)
(-171.50 -0.2577 -0.0613)
(-171.00 -0.2216 -0.0579)
(-170.50 -0.1882 -0.0542)
(-170.00 -0.1570 -0.0504)
(-169.50 -0.1279 -0.0464)
(-169.00 -0.1005 -0.0422)
(-168.50 -0.0746 -0.0378)
(-168.00 -0.0501 -0.0332)
(-167.50 -0.0267 -0.0284)
(-167.00 -0.0044 -0.0235)
(-166.50 0.0169 -0.0184)
(-166.00 0.0374 -0.0131)
(-165.50 0.0570 -0.0076)
(-165.00 0.0760 -0.0019)
(-164.50 0.0942 0.0039)
(-164.00 0.1119 0.0099)
(-163.50 0.1290 0.0161)
(-163.00 0.1455 0.0224)
(-162.50 0.1616 0.0289)
(-162.00 0.1771 0.0356)
(-161.50 0.1923 0.0424)
(-161.00 0.2070 0.0494)
(-160.50 0.2213 0.0566)
(-160.00 0.2352 0.0639)
(-159.50 0.2487 0.0714)
(-159.00 0.2619 0.0790)
(-158.50 0.2748 0.0868)
(-158.00 0.2873 0.0947)
(-157.50 0.2996 0.1028)
(-157.00 0.3115 0.1110)
(-156.50 0.3231 0.1193)
(-156.00 0.3344 0.1278)
(-155.50 0.3455 0.1364)
(-155.00 0.3562 0.1452)
(-154.50 0.3667 0.1541)
(-154.00 0.3769 0.1631)
(-153.50 0.3869 0.1722)
(-153.00 0.3966 0.1815)
(-152.50 0.4060 0.1909)
(-152.00 0.4152 0.2004)
(-151.50 0.4241 0.2100)
(-151.00 0.4328 0.2197)
(-150.50 0.4412 0.2296)
(-150.00 0.4494 0.2395)
(-149.50 0.4574 0.2495)
(-149.00 0.4651 0.2597)
(-148.50 0.4726 0.2699)
(-148.00 0.4798 0.2802)
(-147.50 0.4868 0.2907)
(-147.00 0.4936 0.3012)
(-146.50 0.5001 0.3118)
(-146.00 0.5064 0.3225)
(-145.50 0.5125 0.3332)
(-145.00 0.5183 0.3440)
(-144.50 0.5239 0.3549)
(-144.00 0.5293 0.3659)
(-143.50 0.5345 0.3769)
(-143.00 0.5394 0.3880)
(-142.50 0.5441 0.3992)
(-142.00 0.5486 0.4104)
(-141.50 0.5528 0.4217)
(-141.00 0.5568 0.4330)
(-140.50 0.5606 0.4443)
(-140.00 0.5642 0.4557)
(-139.50 0.5675 0.4672)
(-139.00 0.5706 0.4786)
(-138.50 0.5735 0.4902)
(-138.00 0.5762 0.5017)
(-137.50 0.5787 0.5132)
(-137.00 0.5809 0.5248)
(-136.50 0.5829 0.5364)
(-136.00 0.5847 0.5480)
(-135.50 0.5863 0.5597)
(-135.00 0.5876 0.5713)
(-134.50 0.5888 0.5829)
(-134.00 0.5897 0.5946)
(-133.50 0.5904 0.6062)
(-133.00 0.5908 0.6179)
(-132.50 0.5911 0.6295)
(-132.00 0.5912 0.6411)
(-131.50 0.5910 0.6527)
(-131.00 0.5906 0.6643)
(-130.50 0.5900 0.6758)
(-130.00 0.5892 0.6874)
(-129.50 0.5882 0.6989)
(-129.00 0.5870 0.7103)
(-128.50 0.5855 0.7218)
(-128.00 0.5839 0.7332)
(-127.50 0.5821 0.7445)
(-127.00 0.5800 0.7558)
(-126.50 0.5778 0.7671)
(-126.00 0.5753 0.7783)
(-125.50 0.5727 0.7894)
(-125.00 0.5698 0.8005)
(-124.50 0.5667 0.8115)
(-124.00 0.5635 0.8225)
(-123.50 0.5600 0.8334)
(-123.00 0.5564 0.8442)
(-122.50 0.5526 0.8550)
(-122.00 0.5485 0.8656)
(-121.50 0.5443 0.8762)
(-121.00 0.5399 0.8867)
(-120.50 0.5354 0.8971)
(-120.00 0.5306 0.9075)
(-119.50 0.5256 0.9177)
(-119.00 0.5205 0.9278)
(-118.50 0.5152 0.9379)
(-118.00 0.5097 0.9478)
(-117.50 0.5041 0.9576)
(-117.00 0.4982 0.9674)
(-116.50 0.4922 0.9770)
(-116.00 0.4861 0.9865)
(-115.50 0.4797 0.9958)
(-115.00 0.4732 1.0051)
(-114.50 0.4666 1.0142)
(-114.00 0.4598 1.0233)
(-113.50 0.4528 1.0322)
(-113.00 0.4457 1.0409)
(-112.50 0.4384 1.0495)
(-112.00 0.4310 1.0580)
(-111.50 0.4234 1.0664)
(-111.00 0.4157 1.0746)
(-110.50 0.4078 1.0827)
(-110.00 0.3998 1.0906)
(-109.50 0.3917 1.0984)
(-109.00 0.3834 1.1061)
(-108.50 0.3750 1.1136)
(-108.00 0.3665 1.1209)
(-107.50 0.3579 1.1281)
(-107.00 0.3491 1.1351)
(-106.50 0.3402 1.1420)
(-106.00 0.3312 1.1487)
(-105.50 0.3221 1.1552)
(-105.00 0.3129 1.1616)
(-104.50 0.3035 1.1678)
(-104.00 0.2941 1.1739)
(-103.50 0.2845 1.1798)
(-103.00 0.2749 1.1855)
(-102.50 0.2651 1.1910)
(-102.00 0.2553 1.1964)
(-101.50 0.2454 1.2016)
(-101.00 0.2354 1.2066)
(-100.50 0.2253 1.2114)
(-100.00 0.2151 1.2161)
(-99.50 0.2049 1.2205)
(-99.00 0.1946 1.2248)
(-98.50 0.1842 1.2289)
(-98.00 0.1737 1.2329)
(-97.50 0.1632 1.2366)
(-97.00 0.1526 1.2402)
(-96.50 0.1420 1.2435)
(-96.00 0.1313 1.2467)
(-95.50 0.1205 1.2497)
(-95.00 0.1098 1.2525)
(-94.50 0.0989 1.2551)
(-94.00 0.0880 1.2575)
(-93.50 0.0771 1.2598)
(-93.00 0.0662 1.2618)
(-92.50 0.0552 1.2637)
(-92.00 0.0442 1.2653)
(-91.50 0.0332 1.2668)
(-91.00 0.0221 1.2680)
(-90.50 0.0111 1.2691)
(-90.00 -0.0000 1.2700)
(-89.50 -0.0111 1.2707)
(-89.00 -0.0222 1.2712)
(-88.50 -0.0333 1.2715)
(-88.00 -0.0444 1.2716)
(-87.50 -0.0555 1.2715)
(-87.00 -0.0666 1.2712)
(-86.50 -0.0776 1.2708)
(-86.00 -0.0887 1.2701)
(-85.50 -0.0997 1.2692)
(-85.00 -0.1108 1.2682)
(-84.50 -0.1218 1.2670)
(-84.00 -0.1328 1.2655)
(-83.50 -0.1437 1.2639)
(-83.00 -0.1546 1.2621)
(-82.50 -0.1655 1.2601)
(-82.00 -0.1763 1.2579)
(-81.50 -0.1871 1.2556)
(-81.00 -0.1979 1.2530)
(-80.50 -0.2086 1.2503)
(-80.00 -0.2192 1.2473)
(-79.50 -0.2298 1.2442)
(-79.00 -0.2404 1.2409)
(-78.50 -0.2508 1.2375)
(-78.00 -0.2612 1.2338)
(-77.50 -0.2716 1.2300)
(-77.00 -0.2818 1.2260)
(-76.50 -0.2920 1.2218)
(-76.00 -0.3022 1.2175)
(-75.50 -0.3122 1.2129)
(-75.00 -0.3221 1.2082)
(-74.50 -0.3320 1.2034)
(-74.00 -0.3418 1.1983)
(-73.50 -0.3515 1.1931)
(-73.00 -0.3611 1.1878)
(-72.50 -0.3706 1.1822)
(-72.00 -0.3800 1.1766)
(-71.50 -0.3893 1.1707)
(-71.00 -0.3985 1.1647)
(-70.50 -0.4075 1.1586)
(-70.00 -0.4165 1.1522)
(-69.50 -0.4254 1.1458)
(-69.00 -0.4341 1.1392)
(-68.50 -0.4427 1.1324)
(-68.00 -0.4512 1.1255)
(-67.50 -0.4596 1.1185)
(-67.00 -0.4679 1.1113)
(-66.50 -0.4760 1.1040)
(-66.00 -0.4840 1.0965)
(-65.50 -0.4919 1.0890)
(-65.00 -0.4996 1.0812)
(-64.50 -0.5072 1.0734)
(-64.00 -0.5147 1.0654)
(-63.50 -0.5220 1.0573)
(-63.00 -0.5292 1.0491)
(-62.50 -0.5363 1.0408)
(-62.00 -0.5432 1.0324)
(-61.50 -0.5499 1.0238)
(-61.00 -0.5565 1.0152)
(-60.50 -0.5630 1.0064)
(-60.00 -0.5693 0.9975)
(-59.50 -0.5754 0.9886)
(-59.00 -0.5814 0.9795)
(-58.50 -0.5872 0.9703)
(-58.00 -0.5929 0.9611)
(-57.50 -0.5984 0.9518)
(-57.00 -0.6038 0.9423)
(-56.50 -0.6090 0.9328)
(-56.00 -0.6140 0.9232)
(-55.50 -0.6189 0.9136)
(-55.00 -0.6236 0.9038)
(-54.50 -0.6282 0.8940)
(-54.00 -0.6325 0.8842)
(-53.50 -0.6367 0.8742)
(-53.00 -0.6408 0.8642)
(-52.50 -0.6447 0.8542)
(-52.00 -0.6484 0.8441)
(-51.50 -0.6519 0.8339)
(-51.00 -0.6553 0.8237)
(-50.50 -0.6585 0.8135)
(-50.00 -0.6615 0.8032)
(-49.50 -0.6643 0.7928)
(-49.00 -0.6670 0.7825)
(-48.50 -0.6695 0.7721)
(-48.00 -0.6719 0.7616)
(-47.50 -0.6741 0.7512)
(-47.00 -0.6761 0.7407)
(-46.50 -0.6779 0.7302)
(-46.00 -0.6796 0.7197)
(-45.50 -0.6811 0.7092)
(-45.00 -0.6824 0.6987)
(-44.50 -0.6835 0.6882)
(-44.00 -0.6845 0.6776)
(-43.50 -0.6853 0.6671)
(-43.00 -0.6860 0.6566)
(-42.50 -0.6865 0.6461)
(-42.00 -0.6868 0.6356)
(-41.50 -0.6870 0.6251)
(-41.00 -0.6870 0.6146)
(-40.50 -0.6868 0.6042)
(-40.00 -0.6865 0.5937)
(-39.50 -0.6861 0.5833)
(-39.00 -0.6854 0.5730)
(-38.50 -0.6846 0.5626)
(-38.00 -0.6837 0.5524)
(-37.50 -0.6826 0.5421)
(-37.00 -0.6814 0.5319)
(-36.50 -0.6800 0.5217)
(-36.00 -0.6785 0.5116)
(-35.50 -0.6769 0.5016)
(-35.00 -0.6751 0.4916)
(-34.50 -0.6732 0.4817)
(-34.00 -0.6711 0.4718)
(-33.50 -0.6689 0.4620)
(-33.00 -0.6666 0.4523)
(-32.50 -0.6642 0.4426)
(-32.00 -0.6617 0.4330)
(-31.50 -0.6590 0.4235)
(-31.00 -0.6563 0.4141)
(-30.50 -0.6534 0.4048)
(-30.00 -0.6504 0.3955)
(-29.50 -0.6474 0.3863)
(-29.00 -0.6442 0.3773)
(-28.50 -0.6410 0.3683)
(-28.00 -0.6377 0.3594)
(-27.50 -0.6343 0.3507)
(-27.00 -0.6309 0.3420)
(-26.50 -0.6274 0.3335)
(-26.00 -0.6239 0.3250)
(-25.50 -0.6203 0.3167)
(-25.00 -0.6167 0.3085)
(-24.50 -0.6130 0.3004)
(-24.00 -0.6094 0.2924)
(-23.50 -0.6057 0.2845)
(-23.00 -0.6021 0.2768)
(-22.50 -0.5985 0.2692)
(-22.00 -0.5949 0.2617)
(-21.50 -0.5913 0.2544)
(-21.00 -0.5879 0.2472)
(-20.50 -0.5845 0.2401)
(-20.00 -0.5812 0.2332)
(-19.50 -0.5780 0.2264)
(-19.00 -0.5749 0.2198)
(-18.50 -0.5721 0.2133)
(-18.00 -0.5694 0.2069)
(-17.50 -0.5669 0.2007)
(-17.00 -0.5647 0.1947)
(-16.50 -0.5627 0.1888)
(-16.00 -0.5611 0.1831)
(-15.50 -0.5599 0.1775)
(-15.00 -0.5590 0.1721)
(-14.50 -0.5587 0.1668)
(-14.00 -0.5589 0.1617)
(-13.50 -0.5597 0.1568)
(-13.00 -0.5611 0.1520)
(-12.50 -0.5634 0.1474)
(-12.00 -0.5666 0.1430)
(-11.50 -0.5708 0.1387)
(-11.00 -0.5762 0.1347)
(-10.50 -0.5830 0.1307)
(-10.00 -0.5914 0.1270)
(-9.50 -0.5802 0.1200)
(-9.00 -0.5699 0.1130)
(-8.50 -0.5604 0.1058)
(-8.00 -0.5506 0.0985)
(-7.50 -0.5392 0.0910)
(-7.00 -0.5232 0.0831)
(-6.50 -0.5000 0.0747)
(-6.00 -0.4700 0.0661)
(-5.50 -0.4341 0.0575)
(-5.00 -0.3929 0.0490)
(-4.50 -0.3467 0.0409)
(-4.00 -0.2942 0.0338)
(-3.50 -0.2359 0.0282)
(-3.00 -0.1800 0.0235)
(-2.50 -0.1327 0.0190)
(-2.00 -0.0854 0.0152)
(-1.50 -0.0299 0.0125)
(-1.00 0.0263 0.0103)
(-0.50 0.0769 0.0082)
(0.00 0.1368 0.0068)
(0.50 0.2173 0.0069)
(1.00 0.2952 0.0082)
(1.50 0.3478 0.0101)
(2.00 0.3891 0.0129)
(2.50 0.4368 0.0168)
(3.00 0.4872 0.0218)
(3.50 0.5334 0.0276)
(4.00 0.5773 0.0341)
(4.50 0.6215 0.0410)
(5.00 0.6627 0.0483)
(5.50 0.6974 0.0559)
(6.00 0.7265 0.0640)
(6.50 0.7511 0.0725)
(7.00 0.7695 0.0816)
(7.50 0.7801 0.0911)
(8.00 0.7855 0.1007)
(8.50 0.7889 0.1100)
(9.00 0.7925 0.1190)
(9.50 0.7977 0.1276)
(10.00 0.8046 0.1360)
(10.50 0.7855 0.1397)
(11.00 0.7690 0.1436)
(11.50 0.7547 0.1477)
(12.00 0.7423 0.1519)
(12.50 0.7315 0.1564)
(13.00 0.7223 0.1609)
(13.50 0.7143 0.1657)
(14.00 0.7074 0.1706)
(14.50 0.7016 0.1757)
(15.00 0.6966 0.1809)
(15.50 0.6925 0.1863)
(16.00 0.6891 0.1919)
(16.50 0.6863 0.1976)
(17.00 0.6841 0.2034)
(17.50 0.6824 0.2095)
(18.00 0.6811 0.2156)
(18.50 0.6802 0.2220)
(19.00 0.6798 0.2284)
(19.50 0.6796 0.2350)
(20.00 0.6797 0.2418)
(20.50 0.6801 0.2487)
(21.00 0.6807 0.2557)
(21.50 0.6815 0.2629)
(22.00 0.6825 0.2702)
(22.50 0.6836 0.2776)
(23.00 0.6849 0.2852)
(23.50 0.6862 0.2929)
(24.00 0.6877 0.3007)
(24.50 0.6892 0.3087)
(25.00 0.6909 0.3167)
(25.50 0.6925 0.3249)
(26.00 0.6942 0.3332)
(26.50 0.6959 0.3416)
(27.00 0.6976 0.3502)
(27.50 0.6994 0.3588)
(28.00 0.7011 0.3675)
(28.50 0.7028 0.3763)
(29.00 0.7045 0.3853)
(29.50 0.7061 0.3943)
(30.00 0.7077 0.4034)
(30.50 0.7092 0.4126)
(31.00 0.7107 0.4219)
(31.50 0.7121 0.4313)
(32.00 0.7135 0.4408)
(32.50 0.7147 0.4503)
(33.00 0.7159 0.4599)
(33.50 0.7170 0.4696)
(34.00 0.7180 0.4794)
(34.50 0.7189 0.4892)
(35.00 0.7197 0.4991)
(35.50 0.7204 0.5090)
(36.00 0.7210 0.5190)
(36.50 0.7215 0.5291)
(37.00 0.7219 0.5392)
(37.50 0.7221 0.5494)
(38.00 0.7222 0.5596)
(38.50 0.7222 0.5698)
(39.00 0.7221 0.5801)
(39.50 0.7218 0.5904)
(40.00 0.7214 0.6007)
(40.50 0.7208 0.6111)
(41.00 0.7201 0.6215)
(41.50 0.7193 0.6319)
(42.00 0.7183 0.6424)
(42.50 0.7172 0.6528)
(43.00 0.7159 0.6633)
(43.50 0.7145 0.6737)
(44.00 0.7130 0.6842)
(44.50 0.7112 0.6947)
(45.00 0.7094 0.7052)
(45.50 0.7073 0.7156)
(46.00 0.7052 0.7261)
(46.50 0.7028 0.7365)
(47.00 0.7003 0.7470)
(47.50 0.6977 0.7574)
(48.00 0.6949 0.7678)
(48.50 0.6919 0.7781)
(49.00 0.6888 0.7885)
(49.50 0.6855 0.7988)
(50.00 0.6821 0.8090)
(50.50 0.6785 0.8193)
(51.00 0.6747 0.8295)
(51.50 0.6708 0.8396)
(52.00 0.6667 0.8497)
(52.50 0.6625 0.8597)
(53.00 0.6581 0.8697)
(53.50 0.6535 0.8797)
(54.00 0.6488 0.8895)
(54.50 0.6440 0.8993)
(55.00 0.6389 0.9091)
(55.50 0.6338 0.9188)
(56.00 0.6284 0.9284)
(56.50 0.6229 0.9379)
(57.00 0.6173 0.9473)
(57.50 0.6115 0.9567)
(58.00 0.6056 0.9659)
(58.50 0.5995 0.9751)
(59.00 0.5932 0.9842)
(59.50 0.5868 0.9932)
(60.00 0.5803 1.0021)
(60.50 0.5736 1.0109)
(61.00 0.5668 1.0196)
(61.50 0.5598 1.0282)
(62.00 0.5527 1.0367)
(62.50 0.5454 1.0450)
(63.00 0.5381 1.0533)
(63.50 0.5305 1.0614)
(64.00 0.5229 1.0694)
(64.50 0.5151 1.0773)
(65.00 0.5072 1.0851)
(65.50 0.4991 1.0927)
(66.00 0.4909 1.1003)
(66.50 0.4826 1.1076)
(67.00 0.4742 1.1149)
(67.50 0.4657 1.1220)
(68.00 0.4570 1.1289)
(68.50 0.4483 1.1358)
(69.00 0.4394 1.1425)
(69.50 0.4304 1.1490)
(70.00 0.4213 1.1554)
(70.50 0.4121 1.1616)
(71.00 0.4027 1.1677)
(71.50 0.3933 1.1736)
(72.00 0.3838 1.1794)
(72.50 0.3742 1.1850)
(73.00 0.3645 1.1904)
(73.50 0.3547 1.1957)
(74.00 0.3448 1.2009)
(74.50 0.3348 1.2058)
(75.00 0.3248 1.2106)
(75.50 0.3147 1.2152)
(76.00 0.3045 1.2197)
(76.50 0.2942 1.2239)
(77.00 0.2838 1.2281)
(77.50 0.2734 1.2320)
(78.00 0.2629 1.2357)
(78.50 0.2524 1.2393)
(79.00 0.2418 1.2427)
(79.50 0.2311 1.2459)
(80.00 0.2204 1.2489)
(80.50 0.2096 1.2518)
(81.00 0.1988 1.2544)
(81.50 0.1880 1.2569)
(82.00 0.1771 1.2592)
(82.50 0.1662 1.2613)
(83.00 0.1552 1.2632)
(83.50 0.1442 1.2650)
(84.00 0.1332 1.2665)
(84.50 0.1221 1.2678)
(85.00 0.1111 1.2690)
(85.50 0.1000 1.2700)
(86.00 0.0889 1.2707)
(86.50 0.0778 1.2713)
(87.00 0.0667 1.2717)
(87.50 0.0555 1.2719)
(88.00 0.0444 1.2719)
(88.50 0.0333 1.2717)
(89.00 0.0222 1.2713)
(89.50 0.0111 1.2708)
(90.00 0.0000 1.2700)
(90.50 -0.0111 1.2690)
(91.00 -0.0221 1.2679)
(91.50 -0.0332 1.2665)
(92.00 -0.0442 1.2650)
(92.50 -0.0551 1.2633)
(93.00 -0.0661 1.2613)
(93.50 -0.0770 1.2592)
(94.00 -0.0879 1.2569)
(94.50 -0.0987 1.2544)
(95.00 -0.1095 1.2517)
(95.50 -0.1202 1.2488)
(96.00 -0.1309 1.2458)
(96.50 -0.1415 1.2425)
(97.00 -0.1520 1.2390)
(97.50 -0.1625 1.2354)
(98.00 -0.1730 1.2316)
(98.50 -0.1833 1.2276)
(99.00 -0.1936 1.2234)
(99.50 -0.2038 1.2190)
(100.00 -0.2140 1.2145)
(100.50 -0.2240 1.2097)
(101.00 -0.2340 1.2048)
(101.50 -0.2438 1.1997)
(102.00 -0.2536 1.1945)
(102.50 -0.2633 1.1890)
(103.00 -0.2729 1.1834)
(103.50 -0.2824 1.1776)
(104.00 -0.2918 1.1717)
(104.50 -0.3010 1.1655)
(105.00 -0.3102 1.1592)
(105.50 -0.3193 1.1528)
(106.00 -0.3282 1.1462)
(106.50 -0.3370 1.1394)
(107.00 -0.3457 1.1324)
(107.50 -0.3542 1.1253)
(108.00 -0.3627 1.1181)
(108.50 -0.3710 1.1107)
(109.00 -0.3792 1.1031)
(109.50 -0.3872 1.0954)
(110.00 -0.3951 1.0875)
(110.50 -0.4028 1.0795)
(111.00 -0.4104 1.0713)
(111.50 -0.4179 1.0630)
(112.00 -0.4252 1.0546)
(112.50 -0.4323 1.0460)
(113.00 -0.4393 1.0373)
(113.50 -0.4462 1.0285)
(114.00 -0.4529 1.0195)
(114.50 -0.4594 1.0105)
(115.00 -0.4657 1.0012)
(115.50 -0.4719 0.9919)
(116.00 -0.4779 0.9825)
(116.50 -0.4837 0.9729)
(117.00 -0.4894 0.9632)
(117.50 -0.4949 0.9534)
(118.00 -0.5002 0.9435)
(118.50 -0.5053 0.9335)
(119.00 -0.5102 0.9234)
(119.50 -0.5150 0.9132)
(120.00 -0.5196 0.9029)
(120.50 -0.5239 0.8925)
(121.00 -0.5281 0.8820)
(121.50 -0.5321 0.8714)
(122.00 -0.5359 0.8608)
(122.50 -0.5395 0.8501)
(123.00 -0.5429 0.8392)
(123.50 -0.5461 0.8284)
(124.00 -0.5491 0.8174)
(124.50 -0.5519 0.8064)
(125.00 -0.5545 0.7953)
(125.50 -0.5568 0.7841)
(126.00 -0.5590 0.7729)
(126.50 -0.5610 0.7616)
(127.00 -0.5627 0.7503)
(127.50 -0.5642 0.7390)
(128.00 -0.5655 0.7275)
(128.50 -0.5666 0.7161)
(129.00 -0.5675 0.7046)
(129.50 -0.5682 0.6931)
(130.00 -0.5686 0.6815)
(130.50 -0.5688 0.6699)
(131.00 -0.5688 0.6583)
(131.50 -0.5686 0.6466)
(132.00 -0.5682 0.6350)
(132.50 -0.5675 0.6233)
(133.00 -0.5666 0.6116)
(133.50 -0.5654 0.5999)
(134.00 -0.5641 0.5882)
(134.50 -0.5625 0.5765)
(135.00 -0.5606 0.5648)
(135.50 -0.5586 0.5532)
(136.00 -0.5563 0.5415)
(136.50 -0.5537 0.5298)
(137.00 -0.5510 0.5181)
(137.50 -0.5480 0.5065)
(138.00 -0.5447 0.4949)
(138.50 -0.5412 0.4833)
(139.00 -0.5375 0.4717)
(139.50 -0.5335 0.4602)
(140.00 -0.5293 0.4487)
(140.50 -0.5249 0.4373)
(141.00 -0.5202 0.4259)
(141.50 -0.5152 0.4145)
(142.00 -0.5101 0.4032)
(142.50 -0.5046 0.3919)
(143.00 -0.4989 0.3807)
(143.50 -0.4930 0.3696)
(144.00 -0.4868 0.3585)
(144.50 -0.4804 0.3475)
(145.00 -0.4737 0.3365)
(145.50 -0.4667 0.3257)
(146.00 -0.4595 0.3149)
(146.50 -0.4520 0.3042)
(147.00 -0.4443 0.2935)
(147.50 -0.4363 0.2830)
(148.00 -0.4280 0.2725)
(148.50 -0.4195 0.2621)
(149.00 -0.4106 0.2518)
(149.50 -0.4015 0.2417)
(150.00 -0.3922 0.2316)
(150.50 -0.3825 0.2216)
(151.00 -0.3726 0.2117)
(151.50 -0.3623 0.2020)
(152.00 -0.3518 0.1923)
(152.50 -0.3409 0.1828)
(153.00 -0.3298 0.1734)
(153.50 -0.3183 0.1641)
(154.00 -0.3066 0.1549)
(154.50 -0.2945 0.1458)
(155.00 -0.2820 0.1369)
(155.50 -0.2692 0.1281)
(156.00 -0.2561 0.1195)
(156.50 -0.2426 0.1109)
(157.00 -0.2287 0.1026)
(157.50 -0.2144 0.0943)
(158.00 -0.1997 0.0862)
(158.50 -0.1846 0.0783)
(159.00 -0.1691 0.0705)
(159.50 -0.1531 0.0628)
(160.00 -0.1366 0.0553)
(160.50 -0.1196 0.0480)
(161.00 -0.1021 0.0408)
(161.50 -0.0841 0.0338)
(162.00 -0.0654 0.0269)
(162.50 -0.0461 0.0202)
(163.00 -0.0261 0.0137)
(163.50 -0.0054 0.0073)
(164.00 0.0161 0.0011)
(164.50 0.0384 -0.0049)
(165.00 0.0616 -0.0108)
(165.50 0.0859 -0.0164)
(166.00 0.1112 -0.0219)
(166.50 0.1377 -0.0273)
(167.00 0.1655 -0.0324)
(167.50 0.1948 -0.0374)
(168.00 0.2257 -0.0421)
(168.50 0.2585 -0.0467)
(169.00 0.2933 -0.0512)
(169.50 0.3304 -0.0554)
(170.00 0.3702 -0.0594)
(170.50 0.4131 -0.0633)
(171.00 0.4596 -0.0669)
(171.50 0.5104 -0.0704)
(172.00 0.5660 -0.0736)
(172.50 0.6277 -0.0767)
(173.00 0.6966 -0.0796)
(173.50 0.7743 -0.0823)
(174.00 0.8632 -0.0848)
(174.50 0.9661 -0.0871)
(175.00 1.0873 -0.0892)
(175.50 1.2329 -0.0911)
(176.00 1.4120 -0.0928)
(176.50 1.6390 -0.0943)
(177.00 1.9377 -0.0956)
(177.50 2.3513 -0.0967)
(178.00 2.9657 -0.0976)
(178.50 3.9819 -0.0983)
(179.00 6.0024 -0.0988)
(179.50 12.0404 -0.0991)
(180.00 12.0404 -0.0991)
