// Bound.+Viterna
// Re = 1.00E+05
// (alpha_deg cl cd)
(-180.00 -10.0093 -0.0999)
(-179.50 -10.0093 -0.0999)
(-179.00 -4.9871 -0.0996)
(-178.50 -3.3052 -0.0991)
(-178.00 -2.4584 -0.0984)
(-177.50 -1.9457 -0.0975)
(-177.00 -1.6000 -0.0964)
(-176.50 -1.3497 -0.0951)
(-176.00 -1.1592 -0.0936)
(-175.50 -1.0084 -0.0919)
(-175.00 -0.8855 -0.0900)
(-174.50 -0.7829 -0.0879)
(-174.00 -0.6954 -0.0856)
(-173.50 -0.6198 -0.0831)
(-173.00 -0.5533 -0.0804)
(-172.50 -0.4942 -0.0775)
(-172.00 -0.4412 -0.0745)
(-171.50 -0.3931 -0.0712)
(-171.00 -0.3491 -0.0677)
(-170.50 -0.3087 -0.0641)
(-170.00 -0.2712 -0.0602)
(-169.50 -0.2364 -0.0562)
(-169.00 -0.2037 -0.0519)
(-168.50 -0.1731 -0.0475)
(-168.00 -0.1442 -0.0429)
(-167.50 -0.1167 -0.0382)
(-167.00 -0.0907 -0.0332)
(-166.50 -0.0659 -0.0280)
(-166.00 -0.0422 -0.0227)
(-165.50 -0.0195 -0.0172)
(-165.00 0.0023 -0.0115)
(-164.50 0.0232 -0.0057)
(-164.00 0.0433 0.0003)
(-163.50 0.0628 0.0065)
(-163.00 0.0816 0.0129)
(-162.50 0.0997 0.0194)
(-162.00 0.1173 0.0261)
(-161.50 0.1343 0.0330)
(-161.00 0.1508 0.0400)
(-160.50 0.1668 0.0472)
(-160.00 0.1824 0.0546)
(-159.50 0.1975 0.0621)
(-159.00 0.2122 0.0697)
(-158.50 0.2265 0.0775)
(-158.00 0.2404 0.0855)
(-157.50 0.2540 0.0936)
(-157.00 0.2671 0.1018)
(-156.50 0.2800 0.1102)
(-156.00 0.2925 0.1187)
(-155.50 0.3046 0.1274)
(-155.00 0.3165 0.1362)
(-154.50 0.3280 0.1451)
(-154.00 0.3392 0.1542)
(-153.50 0.3502 0.1633)
(-153.00 0.3608 0.1726)
(-152.50 0.3712 0.1821)
(-152.00 0.3812 0.1916)
(-151.50 0.3910 0.2013)
(-151.00 0.4005 0.2110)
(-150.50 0.4098 0.2209)
(-150.00 0.4188 0.2309)
(-149.50 0.4275 0.2410)
(-149.00 0.4359 0.2511)
(-148.50 0.4441 0.2614)
(-148.00 0.4521 0.2718)
(-147.50 0.4597 0.2823)
(-147.00 0.4672 0.2928)
(-146.50 0.4743 0.3035)
(-146.00 0.4813 0.3142)
(-145.50 0.4880 0.3250)
(-145.00 0.4944 0.3359)
(-144.50 0.5006 0.3468)
(-144.00 0.5065 0.3579)
(-143.50 0.5123 0.3689)
(-143.00 0.5177 0.3801)
(-142.50 0.5229 0.3913)
(-142.00 0.5279 0.4026)
(-141.50 0.5327 0.4139)
(-141.00 0.5372 0.4252)
(-140.50 0.5415 0.4367)
(-140.00 0.5455 0.4481)
(-139.50 0.5493 0.4596)
(-139.00 0.5529 0.4711)
(-138.50 0.5562 0.4827)
(-138.00 0.5593 0.4943)
(-137.50 0.5622 0.5059)
(-137.00 0.5649 0.5176)
(-136.50 0.5673 0.5292)
(-136.00 0.5695 0.5409)
(-135.50 0.5714 0.5526)
(-135.00 0.5732 0.5643)
(-134.50 0.5747 0.5760)
(-134.00 0.5759 0.5877)
(-133.50 0.5770 0.5994)
(-133.00 0.5778 0.6111)
(-132.50 0.5784 0.6228)
(-132.00 0.5788 0.6344)
(-131.50 0.5790 0.6461)
(-131.00 0.5789 0.6578)
(-130.50 0.5787 0.6694)
(-130.00 0.5782 0.6810)
(-129.50 0.5775 0.6925)
(-129.00 0.5766 0.7041)
(-128.50 0.5754 0.7156)
(-128.00 0.5741 0.7270)
(-127.50 0.5725 0.7385)
(-127.00 0.5707 0.7498)
(-126.50 0.5688 0.7612)
(-126.00 0.5666 0.7724)
(-125.50 0.5642 0.7837)
(-125.00 0.5616 0.7948)
(-124.50 0.5588 0.8059)
(-124.00 0.5558 0.8169)
(-123.50 0.5526 0.8279)
(-123.00 0.5492 0.8388)
(-122.50 0.5456 0.8496)
(-122.00 0.5418 0.8604)
(-121.50 0.5378 0.8710)
(-121.00 0.5336 0.8816)
(-120.50 0.5292 0.8921)
(-120.00 0.5247 0.9025)
(-119.50 0.5199 0.9128)
(-119.00 0.5150 0.9230)
(-118.50 0.5099 0.9331)
(-118.00 0.5046 0.9431)
(-117.50 0.4991 0.9530)
(-117.00 0.4935 0.9628)
(-116.50 0.4877 0.9725)
(-116.00 0.4817 0.9821)
(-115.50 0.4755 0.9916)
(-115.00 0.4692 1.0009)
(-114.50 0.4627 1.0101)
(-114.00 0.4561 1.0192)
(-113.50 0.4492 1.0282)
(-113.00 0.4423 1.0370)
(-112.50 0.4352 1.0457)
(-112.00 0.4279 1.0543)
(-111.50 0.4204 1.0628)
(-111.00 0.4129 1.0711)
(-110.50 0.4051 1.0792)
(-110.00 0.3973 1.0872)
(-109.50 0.3893 1.0951)
(-109.00 0.3811 1.1028)
(-108.50 0.3729 1.1104)
(-108.00 0.3645 1.1178)
(-107.50 0.3559 1.1251)
(-107.00 0.3473 1.1322)
(-106.50 0.3385 1.1391)
(-106.00 0.3296 1.1459)
(-105.50 0.3206 1.1526)
(-105.00 0.3114 1.1590)
(-104.50 0.3022 1.1653)
(-104.00 0.2928 1.1715)
(-103.50 0.2834 1.1774)
(-103.00 0.2738 1.1832)
(-102.50 0.2642 1.1889)
(-102.00 0.2544 1.1943)
(-101.50 0.2446 1.1996)
(-101.00 0.2346 1.2047)
(-100.50 0.2246 1.2096)
(-100.00 0.2145 1.2143)
(-99.50 0.2043 1.2189)
(-99.00 0.1941 1.2233)
(-98.50 0.1837 1.2275)
(-98.00 0.1733 1.2315)
(-97.50 0.1628 1.2353)
(-97.00 0.1523 1.2389)
(-96.50 0.1417 1.2424)
(-96.00 0.1311 1.2457)
(-95.50 0.1204 1.2487)
(-95.00 0.1096 1.2516)
(-94.50 0.0988 1.2543)
(-94.00 0.0879 1.2568)
(-93.50 0.0771 1.2592)
(-93.00 0.0661 1.2613)
(-92.50 0.0552 1.2632)
(-92.00 0.0442 1.2650)
(-91.50 0.0332 1.2665)
(-91.00 0.0221 1.2679)
(-90.50 0.0111 1.2690)
(-90.00 -0.0000 1.2700)
(-89.50 -0.0111 1.2708)
(-89.00 -0.0222 1.2714)
(-88.50 -0.0333 1.2717)
(-88.00 -0.0444 1.2719)
(-87.50 -0.0555 1.2719)
(-87.00 -0.0666 1.2718)
(-86.50 -0.0777 1.2714)
(-86.00 -0.0888 1.2708)
(-85.50 -0.0999 1.2700)
(-85.00 -0.1109 1.2691)
(-84.50 -0.1220 1.2679)
(-84.00 -0.1330 1.2666)
(-83.50 -0.1440 1.2650)
(-83.00 -0.1549 1.2633)
(-82.50 -0.1659 1.2614)
(-82.00 -0.1767 1.2593)
(-81.50 -0.1876 1.2570)
(-81.00 -0.1984 1.2546)
(-80.50 -0.2092 1.2519)
(-80.00 -0.2199 1.2491)
(-79.50 -0.2305 1.2461)
(-79.00 -0.2411 1.2428)
(-78.50 -0.2517 1.2395)
(-78.00 -0.2621 1.2359)
(-77.50 -0.2726 1.2322)
(-77.00 -0.2829 1.2282)
(-76.50 -0.2932 1.2241)
(-76.00 -0.3034 1.2199)
(-75.50 -0.3135 1.2154)
(-75.00 -0.3236 1.2108)
(-74.50 -0.3335 1.2060)
(-74.00 -0.3434 1.2011)
(-73.50 -0.3532 1.1960)
(-73.00 -0.3629 1.1907)
(-72.50 -0.3725 1.1852)
(-72.00 -0.3820 1.1796)
(-71.50 -0.3914 1.1739)
(-71.00 -0.4007 1.1680)
(-70.50 -0.4100 1.1619)
(-70.00 -0.4191 1.1556)
(-69.50 -0.4280 1.1493)
(-69.00 -0.4369 1.1427)
(-68.50 -0.4457 1.1361)
(-68.00 -0.4543 1.1293)
(-67.50 -0.4629 1.1223)
(-67.00 -0.4713 1.1152)
(-66.50 -0.4796 1.1080)
(-66.00 -0.4877 1.1006)
(-65.50 -0.4958 1.0931)
(-65.00 -0.5037 1.0854)
(-64.50 -0.5114 1.0777)
(-64.00 -0.5191 1.0698)
(-63.50 -0.5266 1.0618)
(-63.00 -0.5340 1.0537)
(-62.50 -0.5412 1.0454)
(-62.00 -0.5483 1.0370)
(-61.50 -0.5552 1.0286)
(-61.00 -0.5620 1.0200)
(-60.50 -0.5687 1.0113)
(-60.00 -0.5752 1.0025)
(-59.50 -0.5815 0.9936)
(-59.00 -0.5877 0.9846)
(-58.50 -0.5938 0.9755)
(-58.00 -0.5997 0.9664)
(-57.50 -0.6054 0.9571)
(-57.00 -0.6110 0.9478)
(-56.50 -0.6165 0.9383)
(-56.00 -0.6217 0.9288)
(-55.50 -0.6269 0.9192)
(-55.00 -0.6318 0.9096)
(-54.50 -0.6366 0.8998)
(-54.00 -0.6413 0.8900)
(-53.50 -0.6457 0.8802)
(-53.00 -0.6501 0.8702)
(-52.50 -0.6542 0.8602)
(-52.00 -0.6582 0.8502)
(-51.50 -0.6620 0.8401)
(-51.00 -0.6657 0.8300)
(-50.50 -0.6692 0.8198)
(-50.00 -0.6725 0.8096)
(-49.50 -0.6757 0.7993)
(-49.00 -0.6787 0.7890)
(-48.50 -0.6815 0.7787)
(-48.00 -0.6842 0.7683)
(-47.50 -0.6867 0.7579)
(-47.00 -0.6891 0.7475)
(-46.50 -0.6913 0.7371)
(-46.00 -0.6933 0.7266)
(-45.50 -0.6951 0.7162)
(-45.00 -0.6968 0.7057)
(-44.50 -0.6984 0.6953)
(-44.00 -0.6998 0.6848)
(-43.50 -0.7010 0.6743)
(-43.00 -0.7020 0.6639)
(-42.50 -0.7029 0.6534)
(-42.00 -0.7037 0.6430)
(-41.50 -0.7043 0.6325)
(-41.00 -0.7047 0.6221)
(-40.50 -0.7050 0.6117)
(-40.00 -0.7052 0.6014)
(-39.50 -0.7052 0.5910)
(-39.00 -0.7050 0.5807)
(-38.50 -0.7048 0.5704)
(-38.00 -0.7043 0.5602)
(-37.50 -0.7038 0.5500)
(-37.00 -0.7031 0.5399)
(-36.50 -0.7023 0.5297)
(-36.00 -0.7013 0.5197)
(-35.50 -0.7002 0.5097)
(-35.00 -0.6990 0.4998)
(-34.50 -0.6977 0.4899)
(-34.00 -0.6962 0.4800)
(-33.50 -0.6947 0.4703)
(-33.00 -0.6930 0.4606)
(-32.50 -0.6913 0.4510)
(-32.00 -0.6894 0.4415)
(-31.50 -0.6875 0.4320)
(-31.00 -0.6854 0.4226)
(-30.50 -0.6833 0.4133)
(-30.00 -0.6811 0.4041)
(-29.50 -0.6788 0.3950)
(-29.00 -0.6765 0.3860)
(-28.50 -0.6741 0.3771)
(-28.00 -0.6717 0.3682)
(-27.50 -0.6692 0.3595)
(-27.00 -0.6666 0.3509)
(-26.50 -0.6641 0.3424)
(-26.00 -0.6615 0.3340)
(-25.50 -0.6590 0.3257)
(-25.00 -0.6564 0.3175)
(-24.50 -0.6539 0.3094)
(-24.00 -0.6513 0.3015)
(-23.50 -0.6488 0.2937)
(-23.00 -0.6464 0.2860)
(-22.50 -0.6441 0.2784)
(-22.00 -0.6418 0.2710)
(-21.50 -0.6396 0.2637)
(-21.00 -0.6376 0.2565)
(-20.50 -0.6357 0.2494)
(-20.00 -0.6339 0.2426)
(-19.50 -0.6324 0.2358)
(-19.00 -0.6311 0.2292)
(-18.50 -0.6300 0.2227)
(-18.00 -0.6292 0.2164)
(-17.50 -0.6287 0.2102)
(-17.00 -0.6286 0.2042)
(-16.50 -0.6289 0.1983)
(-16.00 -0.6297 0.1926)
(-15.50 -0.6309 0.1871)
(-15.00 -0.6327 0.1817)
(-14.50 -0.6352 0.1765)
(-14.00 -0.6384 0.1714)
(-13.50 -0.6425 0.1665)
(-13.00 -0.6474 0.1617)
(-12.50 -0.6535 0.1571)
(-12.00 -0.6607 0.1527)
(-11.50 -0.6693 0.1485)
(-11.00 -0.6795 0.1444)
(-10.50 -0.6915 0.1405)
(-10.00 -0.7056 0.1368)
(-9.50 -0.6940 0.1294)
(-9.00 -0.6831 0.1219)
(-8.50 -0.6725 0.1142)
(-8.00 -0.6614 0.1063)
(-7.50 -0.6484 0.0980)
(-7.00 -0.6308 0.0893)
(-6.50 -0.6062 0.0801)
(-6.00 -0.5747 0.0707)
(-5.50 -0.5368 0.0614)
(-5.00 -0.4915 0.0523)
(-4.50 -0.4384 0.0436)
(-4.00 -0.3799 0.0357)
(-3.50 -0.3188 0.0291)
(-3.00 -0.2578 0.0235)
(-2.50 -0.1989 0.0187)
(-2.00 -0.1416 0.0147)
(-1.50 -0.0849 0.0117)
(-1.00 -0.0292 0.0091)
(-0.50 0.0246 0.0067)
(0.00 0.0757 0.0057)
(0.50 0.1243 0.0069)
(1.00 0.1755 0.0094)
(1.50 0.2330 0.0119)
(2.00 0.2908 0.0149)
(2.50 0.3433 0.0191)
(3.00 0.3962 0.0241)
(3.50 0.4549 0.0296)
(4.00 0.5137 0.0360)
(4.50 0.5656 0.0436)
(5.00 0.6111 0.0521)
(5.50 0.6516 0.0611)
(6.00 0.6860 0.0705)
(6.50 0.7131 0.0803)
(7.00 0.7327 0.0900)
(7.50 0.7457 0.0993)
(8.00 0.7546 0.1083)
(8.50 0.7622 0.1169)
(9.00 0.7699 0.1253)
(9.50 0.7785 0.1334)
(10.00 0.7882 0.1412)
(10.50 0.7700 0.1449)
(11.00 0.7542 0.1488)
(11.50 0.7405 0.1529)
(12.00 0.7288 0.1571)
(12.50 0.7186 0.1615)
(13.00 0.7099 0.1661)
(13.50 0.7024 0.1708)
(14.00 0.6960 0.1757)
(14.50 0.6906 0.1808)
(15.00 0.6861 0.1860)
(15.50 0.6823 0.1914)
(16.00 0.6792 0.1969)
(16.50 0.6768 0.2026)
(17.00 0.6749 0.2085)
(17.50 0.6735 0.2145)
(18.00 0.6725 0.2207)
(18.50 0.6719 0.2270)
(19.00 0.6717 0.2334)
(19.50 0.6718 0.2400)
(20.00 0.6721 0.2468)
(20.50 0.6727 0.2536)
(21.00 0.6735 0.2607)
(21.50 0.6746 0.2678)
(22.00 0.6757 0.2751)
(22.50 0.6771 0.2825)
(23.00 0.6785 0.2901)
(23.50 0.6800 0.2978)
(24.00 0.6817 0.3056)
(24.50 0.6834 0.3135)
(25.00 0.6851 0.3215)
(25.50 0.6870 0.3297)
(26.00 0.6888 0.3380)
(26.50 0.6906 0.3464)
(27.00 0.6925 0.3549)
(27.50 0.6944 0.3635)
(28.00 0.6962 0.3722)
(28.50 0.6980 0.3810)
(29.00 0.6998 0.3899)
(29.50 0.7016 0.3989)
(30.00 0.7033 0.4080)
(30.50 0.7049 0.4172)
(31.00 0.7065 0.4265)
(31.50 0.7080 0.4358)
(32.00 0.7095 0.4452)
(32.50 0.7109 0.4548)
(33.00 0.7121 0.4644)
(33.50 0.7133 0.4740)
(34.00 0.7144 0.4838)
(34.50 0.7154 0.4936)
(35.00 0.7163 0.5034)
(35.50 0.7171 0.5133)
(36.00 0.7178 0.5233)
(36.50 0.7183 0.5333)
(37.00 0.7188 0.5434)
(37.50 0.7191 0.5535)
(38.00 0.7193 0.5637)
(38.50 0.7193 0.5739)
(39.00 0.7192 0.5842)
(39.50 0.7190 0.5945)
(40.00 0.7187 0.6048)
(40.50 0.7182 0.6151)
(41.00 0.7176 0.6255)
(41.50 0.7168 0.6359)
(42.00 0.7159 0.6463)
(42.50 0.7148 0.6567)
(43.00 0.7136 0.6671)
(43.50 0.7123 0.6776)
(44.00 0.7108 0.6880)
(44.50 0.7091 0.6984)
(45.00 0.7073 0.7089)
(45.50 0.7053 0.7193)
(46.00 0.7032 0.7297)
(46.50 0.7009 0.7402)
(47.00 0.6985 0.7506)
(47.50 0.6959 0.7609)
(48.00 0.6931 0.7713)
(48.50 0.6902 0.7816)
(49.00 0.6871 0.7919)
(49.50 0.6839 0.8022)
(50.00 0.6805 0.8124)
(50.50 0.6769 0.8226)
(51.00 0.6732 0.8328)
(51.50 0.6694 0.8429)
(52.00 0.6653 0.8530)
(52.50 0.6611 0.8630)
(53.00 0.6568 0.8729)
(53.50 0.6523 0.8828)
(54.00 0.6476 0.8926)
(54.50 0.6428 0.9024)
(55.00 0.6378 0.9121)
(55.50 0.6326 0.9217)
(56.00 0.6273 0.9313)
(56.50 0.6219 0.9408)
(57.00 0.6163 0.9502)
(57.50 0.6105 0.9595)
(58.00 0.6046 0.9687)
(58.50 0.5985 0.9779)
(59.00 0.5923 0.9869)
(59.50 0.5859 0.9959)
(60.00 0.5794 1.0047)
(60.50 0.5728 1.0135)
(61.00 0.5660 1.0222)
(61.50 0.5590 1.0307)
(62.00 0.5520 1.0391)
(62.50 0.5447 1.0475)
(63.00 0.5374 1.0557)
(63.50 0.5299 1.0638)
(64.00 0.5222 1.0718)
(64.50 0.5145 1.0796)
(65.00 0.5066 1.0873)
(65.50 0.4986 1.0949)
(66.00 0.4904 1.1024)
(66.50 0.4821 1.1097)
(67.00 0.4737 1.1169)
(67.50 0.4652 1.1240)
(68.00 0.4566 1.1309)
(68.50 0.4478 1.1377)
(69.00 0.4390 1.1443)
(69.50 0.4300 1.1508)
(70.00 0.4209 1.1572)
(70.50 0.4117 1.1634)
(71.00 0.4024 1.1694)
(71.50 0.3930 1.1753)
(72.00 0.3835 1.1810)
(72.50 0.3739 1.1866)
(73.00 0.3642 1.1920)
(73.50 0.3544 1.1972)
(74.00 0.3446 1.2023)
(74.50 0.3346 1.2072)
(75.00 0.3246 1.2120)
(75.50 0.3145 1.2165)
(76.00 0.3043 1.2210)
(76.50 0.2940 1.2252)
(77.00 0.2837 1.2292)
(77.50 0.2733 1.2331)
(78.00 0.2628 1.2368)
(78.50 0.2523 1.2404)
(79.00 0.2417 1.2437)
(79.50 0.2310 1.2469)
(80.00 0.2203 1.2498)
(80.50 0.2096 1.2527)
(81.00 0.1988 1.2553)
(81.50 0.1879 1.2577)
(82.00 0.1770 1.2599)
(82.50 0.1661 1.2620)
(83.00 0.1552 1.2639)
(83.50 0.1442 1.2656)
(84.00 0.1331 1.2670)
(84.50 0.1221 1.2683)
(85.00 0.1110 1.2695)
(85.50 0.1000 1.2704)
(86.00 0.0889 1.2711)
(86.50 0.0778 1.2716)
(87.00 0.0667 1.2720)
(87.50 0.0555 1.2721)
(88.00 0.0444 1.2721)
(88.50 0.0333 1.2719)
(89.00 0.0222 1.2714)
(89.50 0.0111 1.2708)
(90.00 0.0000 1.2700)
(90.50 -0.0111 1.2690)
(91.00 -0.0221 1.2678)
(91.50 -0.0332 1.2664)
(92.00 -0.0442 1.2648)
(92.50 -0.0551 1.2630)
(93.00 -0.0661 1.2611)
(93.50 -0.0770 1.2589)
(94.00 -0.0879 1.2565)
(94.50 -0.0987 1.2540)
(95.00 -0.1095 1.2512)
(95.50 -0.1202 1.2483)
(96.00 -0.1309 1.2452)
(96.50 -0.1415 1.2419)
(97.00 -0.1521 1.2384)
(97.50 -0.1626 1.2347)
(98.00 -0.1730 1.2309)
(98.50 -0.1834 1.2268)
(99.00 -0.1937 1.2226)
(99.50 -0.2039 1.2182)
(100.00 -0.2141 1.2136)
(100.50 -0.2241 1.2088)
(101.00 -0.2341 1.2038)
(101.50 -0.2440 1.1987)
(102.00 -0.2538 1.1934)
(102.50 -0.2635 1.1879)
(103.00 -0.2731 1.1822)
(103.50 -0.2826 1.1764)
(104.00 -0.2919 1.1704)
(104.50 -0.3012 1.1642)
(105.00 -0.3104 1.1579)
(105.50 -0.3195 1.1514)
(106.00 -0.3284 1.1447)
(106.50 -0.3372 1.1379)
(107.00 -0.3459 1.1309)
(107.50 -0.3545 1.1237)
(108.00 -0.3630 1.1164)
(108.50 -0.3713 1.1090)
(109.00 -0.3795 1.1014)
(109.50 -0.3875 1.0936)
(110.00 -0.3954 1.0857)
(110.50 -0.4032 1.0776)
(111.00 -0.4108 1.0695)
(111.50 -0.4183 1.0611)
(112.00 -0.4256 1.0526)
(112.50 -0.4328 1.0440)
(113.00 -0.4398 1.0353)
(113.50 -0.4467 1.0264)
(114.00 -0.4534 1.0174)
(114.50 -0.4599 1.0083)
(115.00 -0.4663 0.9990)
(115.50 -0.4725 0.9896)
(116.00 -0.4785 0.9801)
(116.50 -0.4844 0.9705)
(117.00 -0.4901 0.9608)
(117.50 -0.4956 0.9510)
(118.00 -0.5009 0.9410)
(118.50 -0.5061 0.9310)
(119.00 -0.5110 0.9208)
(119.50 -0.5158 0.9106)
(120.00 -0.5204 0.9003)
(120.50 -0.5248 0.8898)
(121.00 -0.5290 0.8793)
(121.50 -0.5331 0.8687)
(122.00 -0.5369 0.8580)
(122.50 -0.5405 0.8472)
(123.00 -0.5439 0.8364)
(123.50 -0.5472 0.8254)
(124.00 -0.5502 0.8144)
(124.50 -0.5530 0.8034)
(125.00 -0.5556 0.7922)
(125.50 -0.5581 0.7811)
(126.00 -0.5603 0.7698)
(126.50 -0.5623 0.7585)
(127.00 -0.5640 0.7471)
(127.50 -0.5656 0.7357)
(128.00 -0.5670 0.7243)
(128.50 -0.5681 0.7128)
(129.00 -0.5690 0.7013)
(129.50 -0.5697 0.6897)
(130.00 -0.5702 0.6781)
(130.50 -0.5705 0.6665)
(131.00 -0.5705 0.6548)
(131.50 -0.5703 0.6431)
(132.00 -0.5699 0.6315)
(132.50 -0.5693 0.6197)
(133.00 -0.5684 0.6080)
(133.50 -0.5673 0.5963)
(134.00 -0.5660 0.5846)
(134.50 -0.5645 0.5728)
(135.00 -0.5627 0.5611)
(135.50 -0.5607 0.5494)
(136.00 -0.5585 0.5377)
(136.50 -0.5560 0.5260)
(137.00 -0.5533 0.5143)
(137.50 -0.5503 0.5026)
(138.00 -0.5471 0.4910)
(138.50 -0.5437 0.4794)
(139.00 -0.5401 0.4678)
(139.50 -0.5362 0.4562)
(140.00 -0.5320 0.4447)
(140.50 -0.5276 0.4332)
(141.00 -0.5230 0.4218)
(141.50 -0.5181 0.4104)
(142.00 -0.5130 0.3990)
(142.50 -0.5077 0.3878)
(143.00 -0.5020 0.3765)
(143.50 -0.4962 0.3653)
(144.00 -0.4901 0.3542)
(144.50 -0.4837 0.3432)
(145.00 -0.4771 0.3322)
(145.50 -0.4702 0.3213)
(146.00 -0.4631 0.3105)
(146.50 -0.4557 0.2998)
(147.00 -0.4481 0.2891)
(147.50 -0.4402 0.2785)
(148.00 -0.4320 0.2680)
(148.50 -0.4235 0.2576)
(149.00 -0.4148 0.2473)
(149.50 -0.4058 0.2371)
(150.00 -0.3966 0.2270)
(150.50 -0.3870 0.2170)
(151.00 -0.3772 0.2071)
(151.50 -0.3671 0.1973)
(152.00 -0.3567 0.1877)
(152.50 -0.3460 0.1781)
(153.00 -0.3349 0.1687)
(153.50 -0.3236 0.1593)
(154.00 -0.3120 0.1501)
(154.50 -0.3000 0.1411)
(155.00 -0.2877 0.1321)
(155.50 -0.2751 0.1233)
(156.00 -0.2621 0.1146)
(156.50 -0.2488 0.1061)
(157.00 -0.2351 0.0977)
(157.50 -0.2210 0.0894)
(158.00 -0.2065 0.0813)
(158.50 -0.1916 0.0734)
(159.00 -0.1762 0.0656)
(159.50 -0.1605 0.0579)
(160.00 -0.1442 0.0504)
(160.50 -0.1275 0.0430)
(161.00 -0.1102 0.0358)
(161.50 -0.0924 0.0288)
(162.00 -0.0740 0.0219)
(162.50 -0.0550 0.0152)
(163.00 -0.0353 0.0086)
(163.50 -0.0149 0.0023)
(164.00 0.0062 -0.0040)
(164.50 0.0282 -0.0100)
(165.00 0.0511 -0.0159)
(165.50 0.0749 -0.0215)
(166.00 0.0998 -0.0271)
(166.50 0.1258 -0.0324)
(167.00 0.1531 -0.0375)
(167.50 0.1819 -0.0425)
(168.00 0.2122 -0.0473)
(168.50 0.2443 -0.0519)
(169.00 0.2784 -0.0563)
(169.50 0.3148 -0.0606)
(170.00 0.3538 -0.0646)
(170.50 0.3958 -0.0685)
(171.00 0.4413 -0.0721)
(171.50 0.4909 -0.0756)
(172.00 0.5454 -0.0789)
(172.50 0.6056 -0.0820)
(173.00 0.6728 -0.0849)
(173.50 0.7487 -0.0875)
(174.00 0.8354 -0.0900)
(174.50 0.9357 -0.0923)
(175.00 1.0539 -0.0944)
(175.50 1.1957 -0.0964)
(176.00 1.3701 -0.0981)
(176.50 1.5911 -0.0996)
(177.00 1.8818 -0.1009)
(177.50 2.2841 -0.1020)
(178.00 2.8817 -0.1029)
(178.50 3.8698 -0.1036)
(179.00 5.8342 -0.1041)
(179.50 11.7039 -0.1044)
(180.00 11.7039 -0.1044)
