// Bound.+Viterna
// Re = 1.00E+05
// (alpha_deg cl cd)
(-180.00 -9.8800 -0.0983)
(-179.50 -9.8800 -0.0983)
(-179.00 -4.9225 -0.0980)
(-178.50 -3.2621 -0.0975)
(-178.00 -2.4261 -0.0968)
(-177.50 -1.9199 -0.0959)
(-177.00 -1.5785 -0.0948)
(-176.50 -1.3313 -0.0935)
(-176.00 -1.1431 -0.0920)
(-175.50 -0.9941 -0.0903)
(-175.00 -0.8726 -0.0884)
(-174.50 -0.7712 -0.0863)
(-174.00 -0.6848 -0.0840)
(-173.50 -0.6099 -0.0815)
(-173.00 -0.5442 -0.0788)
(-172.50 -0.4857 -0.0759)
(-172.00 -0.4332 -0.0728)
(-171.50 -0.3856 -0.0696)
(-171.00 -0.3421 -0.0661)
(-170.50 -0.3020 -0.0625)
(-170.00 -0.2649 -0.0586)
(-169.50 -0.2304 -0.0546)
(-169.00 -0.1981 -0.0504)
(-168.50 -0.1677 -0.0459)
(-168.00 -0.1390 -0.0414)
(-167.50 -0.1118 -0.0366)
(-167.00 -0.0860 -0.0316)
(-166.50 -0.0613 -0.0265)
(-166.00 -0.0378 -0.0211)
(-165.50 -0.0153 -0.0156)
(-165.00 0.0063 -0.0100)
(-164.50 0.0271 -0.0041)
(-164.00 0.0471 0.0019)
(-163.50 0.0664 0.0081)
(-163.00 0.0851 0.0145)
(-162.50 0.1031 0.0210)
(-162.00 0.1206 0.0277)
(-161.50 0.1375 0.0346)
(-161.00 0.1539 0.0416)
(-160.50 0.1698 0.0488)
(-160.00 0.1853 0.0561)
(-159.50 0.2003 0.0636)
(-159.00 0.2150 0.0712)
(-158.50 0.2292 0.0790)
(-158.00 0.2430 0.0870)
(-157.50 0.2565 0.0951)
(-157.00 0.2696 0.1033)
(-156.50 0.2823 0.1117)
(-156.00 0.2948 0.1202)
(-155.50 0.3069 0.1289)
(-155.00 0.3187 0.1376)
(-154.50 0.3301 0.1466)
(-154.00 0.3413 0.1556)
(-153.50 0.3522 0.1648)
(-153.00 0.3628 0.1741)
(-152.50 0.3731 0.1835)
(-152.00 0.3831 0.1930)
(-151.50 0.3928 0.2027)
(-151.00 0.4023 0.2124)
(-150.50 0.4115 0.2223)
(-150.00 0.4204 0.2323)
(-149.50 0.4291 0.2424)
(-149.00 0.4375 0.2525)
(-148.50 0.4457 0.2628)
(-148.00 0.4536 0.2732)
(-147.50 0.4612 0.2836)
(-147.00 0.4686 0.2942)
(-146.50 0.4758 0.3048)
(-146.00 0.4827 0.3155)
(-145.50 0.4893 0.3263)
(-145.00 0.4957 0.3372)
(-144.50 0.5019 0.3482)
(-144.00 0.5078 0.3592)
(-143.50 0.5135 0.3702)
(-143.00 0.5189 0.3814)
(-142.50 0.5241 0.3926)
(-142.00 0.5291 0.4038)
(-141.50 0.5338 0.4151)
(-141.00 0.5383 0.4265)
(-140.50 0.5425 0.4379)
(-140.00 0.5465 0.4494)
(-139.50 0.5503 0.4608)
(-139.00 0.5539 0.4724)
(-138.50 0.5572 0.4839)
(-138.00 0.5603 0.4955)
(-137.50 0.5631 0.5071)
(-137.00 0.5658 0.5187)
(-136.50 0.5681 0.5304)
(-136.00 0.5703 0.5421)
(-135.50 0.5723 0.5537)
(-135.00 0.5740 0.5654)
(-134.50 0.5754 0.5771)
(-134.00 0.5767 0.5888)
(-133.50 0.5777 0.6005)
(-133.00 0.5786 0.6122)
(-132.50 0.5791 0.6239)
(-132.00 0.5795 0.6355)
(-131.50 0.5797 0.6472)
(-131.00 0.5796 0.6588)
(-130.50 0.5793 0.6704)
(-130.00 0.5788 0.6820)
(-129.50 0.5781 0.6936)
(-129.00 0.5771 0.7051)
(-128.50 0.5760 0.7166)
(-128.00 0.5746 0.7280)
(-127.50 0.5730 0.7394)
(-127.00 0.5713 0.7508)
(-126.50 0.5693 0.7621)
(-126.00 0.5671 0.7734)
(-125.50 0.5646 0.7846)
(-125.00 0.5620 0.7957)
(-124.50 0.5592 0.8068)
(-124.00 0.5562 0.8179)
(-123.50 0.5530 0.8288)
(-123.00 0.5496 0.8397)
(-122.50 0.5460 0.8505)
(-122.00 0.5422 0.8612)
(-121.50 0.5382 0.8719)
(-121.00 0.5340 0.8824)
(-120.50 0.5296 0.8929)
(-120.00 0.5250 0.9033)
(-119.50 0.5203 0.9136)
(-119.00 0.5153 0.9238)
(-118.50 0.5102 0.9339)
(-118.00 0.5049 0.9439)
(-117.50 0.4994 0.9538)
(-117.00 0.4938 0.9636)
(-116.50 0.4879 0.9732)
(-116.00 0.4819 0.9828)
(-115.50 0.4758 0.9923)
(-115.00 0.4694 1.0016)
(-114.50 0.4629 1.0108)
(-114.00 0.4563 1.0199)
(-113.50 0.4494 1.0288)
(-113.00 0.4425 1.0377)
(-112.50 0.4353 1.0464)
(-112.00 0.4280 1.0549)
(-111.50 0.4206 1.0633)
(-111.00 0.4130 1.0716)
(-110.50 0.4053 1.0798)
(-110.00 0.3974 1.0878)
(-109.50 0.3894 1.0956)
(-109.00 0.3813 1.1034)
(-108.50 0.3730 1.1109)
(-108.00 0.3646 1.1183)
(-107.50 0.3560 1.1256)
(-107.00 0.3474 1.1327)
(-106.50 0.3386 1.1396)
(-106.00 0.3297 1.1464)
(-105.50 0.3207 1.1530)
(-105.00 0.3115 1.1595)
(-104.50 0.3023 1.1657)
(-104.00 0.2929 1.1719)
(-103.50 0.2834 1.1778)
(-103.00 0.2739 1.1836)
(-102.50 0.2642 1.1892)
(-102.00 0.2545 1.1946)
(-101.50 0.2446 1.1999)
(-101.00 0.2347 1.2050)
(-100.50 0.2246 1.2099)
(-100.00 0.2145 1.2146)
(-99.50 0.2044 1.2192)
(-99.00 0.1941 1.2235)
(-98.50 0.1837 1.2277)
(-98.00 0.1733 1.2317)
(-97.50 0.1629 1.2355)
(-97.00 0.1523 1.2391)
(-96.50 0.1417 1.2426)
(-96.00 0.1311 1.2458)
(-95.50 0.1204 1.2489)
(-95.00 0.1096 1.2518)
(-94.50 0.0988 1.2545)
(-94.00 0.0880 1.2570)
(-93.50 0.0771 1.2593)
(-93.00 0.0661 1.2614)
(-92.50 0.0552 1.2633)
(-92.00 0.0442 1.2650)
(-91.50 0.0332 1.2666)
(-91.00 0.0221 1.2679)
(-90.50 0.0111 1.2690)
(-90.00 -0.0000 1.2700)
(-89.50 -0.0111 1.2708)
(-89.00 -0.0222 1.2713)
(-88.50 -0.0333 1.2717)
(-88.00 -0.0444 1.2719)
(-87.50 -0.0555 1.2719)
(-87.00 -0.0666 1.2717)
(-86.50 -0.0777 1.2713)
(-86.00 -0.0888 1.2707)
(-85.50 -0.0999 1.2699)
(-85.00 -0.1109 1.2689)
(-84.50 -0.1220 1.2678)
(-84.00 -0.1330 1.2664)
(-83.50 -0.1440 1.2649)
(-83.00 -0.1549 1.2631)
(-82.50 -0.1658 1.2612)
(-82.00 -0.1767 1.2591)
(-81.50 -0.1876 1.2568)
(-81.00 -0.1984 1.2543)
(-80.50 -0.2091 1.2516)
(-80.00 -0.2198 1.2488)
(-79.50 -0.2305 1.2458)
(-79.00 -0.2411 1.2425)
(-78.50 -0.2516 1.2391)
(-78.00 -0.2621 1.2356)
(-77.50 -0.2725 1.2318)
(-77.00 -0.2828 1.2279)
(-76.50 -0.2931 1.2238)
(-76.00 -0.3033 1.2195)
(-75.50 -0.3134 1.2150)
(-75.00 -0.3235 1.2104)
(-74.50 -0.3334 1.2056)
(-74.00 -0.3433 1.2006)
(-73.50 -0.3531 1.1955)
(-73.00 -0.3628 1.1902)
(-72.50 -0.3724 1.1848)
(-72.00 -0.3819 1.1791)
(-71.50 -0.3913 1.1734)
(-71.00 -0.4006 1.1674)
(-70.50 -0.4098 1.1613)
(-70.00 -0.4189 1.1551)
(-69.50 -0.4279 1.1487)
(-69.00 -0.4368 1.1422)
(-68.50 -0.4455 1.1355)
(-68.00 -0.4542 1.1286)
(-67.50 -0.4627 1.1217)
(-67.00 -0.4711 1.1146)
(-66.50 -0.4794 1.1073)
(-66.00 -0.4875 1.0999)
(-65.50 -0.4956 1.0924)
(-65.00 -0.5034 1.0848)
(-64.50 -0.5112 1.0770)
(-64.00 -0.5188 1.0691)
(-63.50 -0.5263 1.0611)
(-63.00 -0.5337 1.0529)
(-62.50 -0.5409 1.0447)
(-62.00 -0.5480 1.0363)
(-61.50 -0.5549 1.0278)
(-61.00 -0.5617 1.0192)
(-60.50 -0.5684 1.0105)
(-60.00 -0.5748 1.0017)
(-59.50 -0.5812 0.9928)
(-59.00 -0.5874 0.9838)
(-58.50 -0.5934 0.9747)
(-58.00 -0.5993 0.9655)
(-57.50 -0.6051 0.9562)
(-57.00 -0.6106 0.9469)
(-56.50 -0.6161 0.9374)
(-56.00 -0.6213 0.9279)
(-55.50 -0.6264 0.9183)
(-55.00 -0.6314 0.9086)
(-54.50 -0.6362 0.8989)
(-54.00 -0.6408 0.8891)
(-53.50 -0.6452 0.8792)
(-53.00 -0.6495 0.8692)
(-52.50 -0.6537 0.8593)
(-52.00 -0.6577 0.8492)
(-51.50 -0.6615 0.8391)
(-51.00 -0.6651 0.8289)
(-50.50 -0.6686 0.8188)
(-50.00 -0.6719 0.8085)
(-49.50 -0.6751 0.7982)
(-49.00 -0.6780 0.7879)
(-48.50 -0.6809 0.7776)
(-48.00 -0.6835 0.7672)
(-47.50 -0.6860 0.7568)
(-47.00 -0.6884 0.7464)
(-46.50 -0.6905 0.7360)
(-46.00 -0.6925 0.7255)
(-45.50 -0.6944 0.7151)
(-45.00 -0.6960 0.7046)
(-44.50 -0.6976 0.6941)
(-44.00 -0.6989 0.6836)
(-43.50 -0.7001 0.6731)
(-43.00 -0.7012 0.6627)
(-42.50 -0.7020 0.6522)
(-42.00 -0.7028 0.6417)
(-41.50 -0.7033 0.6313)
(-41.00 -0.7038 0.6209)
(-40.50 -0.7040 0.6105)
(-40.00 -0.7042 0.6001)
(-39.50 -0.7041 0.5898)
(-39.00 -0.7040 0.5794)
(-38.50 -0.7037 0.5692)
(-38.00 -0.7032 0.5589)
(-37.50 -0.7026 0.5487)
(-37.00 -0.7019 0.5386)
(-36.50 -0.7010 0.5284)
(-36.00 -0.7000 0.5184)
(-35.50 -0.6989 0.5084)
(-35.00 -0.6977 0.4984)
(-34.50 -0.6963 0.4885)
(-34.00 -0.6949 0.4787)
(-33.50 -0.6933 0.4689)
(-33.00 -0.6916 0.4592)
(-32.50 -0.6898 0.4496)
(-32.00 -0.6879 0.4401)
(-31.50 -0.6859 0.4306)
(-31.00 -0.6838 0.4212)
(-30.50 -0.6817 0.4119)
(-30.00 -0.6794 0.4027)
(-29.50 -0.6771 0.3936)
(-29.00 -0.6747 0.3846)
(-28.50 -0.6723 0.3756)
(-28.00 -0.6698 0.3668)
(-27.50 -0.6672 0.3581)
(-27.00 -0.6647 0.3494)
(-26.50 -0.6621 0.3409)
(-26.00 -0.6595 0.3325)
(-25.50 -0.6568 0.3242)
(-25.00 -0.6542 0.3160)
(-24.50 -0.6516 0.3079)
(-24.00 -0.6490 0.3000)
(-23.50 -0.6465 0.2922)
(-23.00 -0.6440 0.2845)
(-22.50 -0.6415 0.2769)
(-22.00 -0.6392 0.2695)
(-21.50 -0.6370 0.2621)
(-21.00 -0.6348 0.2550)
(-20.50 -0.6329 0.2479)
(-20.00 -0.6310 0.2410)
(-19.50 -0.6294 0.2343)
(-19.00 -0.6280 0.2277)
(-18.50 -0.6268 0.2212)
(-18.00 -0.6259 0.2149)
(-17.50 -0.6253 0.2087)
(-17.00 -0.6251 0.2027)
(-16.50 -0.6253 0.1968)
(-16.00 -0.6259 0.1911)
(-15.50 -0.6270 0.1855)
(-15.00 -0.6287 0.1801)
(-14.50 -0.6310 0.1749)
(-14.00 -0.6340 0.1698)
(-13.50 -0.6379 0.1649)
(-13.00 -0.6427 0.1601)
(-12.50 -0.6485 0.1556)
(-12.00 -0.6555 0.1511)
(-11.50 -0.6639 0.1469)
(-11.00 -0.6738 0.1428)
(-10.50 -0.6855 0.1389)
(-10.00 -0.6993 0.1352)
(-9.50 -0.6890 0.1278)
(-9.00 -0.6795 0.1202)
(-8.50 -0.6706 0.1124)
(-8.00 -0.6610 0.1044)
(-7.50 -0.6491 0.0961)
(-7.00 -0.6315 0.0874)
(-6.50 -0.6054 0.0783)
(-6.00 -0.5708 0.0690)
(-5.50 -0.5289 0.0597)
(-5.00 -0.4822 0.0506)
(-4.50 -0.4330 0.0421)
(-4.00 -0.3802 0.0345)
(-3.50 -0.3225 0.0280)
(-3.00 -0.2607 0.0225)
(-2.50 -0.1971 0.0180)
(-2.00 -0.1374 0.0143)
(-1.50 -0.0855 0.0113)
(-1.00 -0.0347 0.0090)
(-0.50 0.0215 0.0076)
(0.00 0.0777 0.0072)
(0.50 0.1285 0.0079)
(1.00 0.1793 0.0095)
(1.50 0.2352 0.0119)
(2.00 0.2901 0.0154)
(2.50 0.3379 0.0200)
(3.00 0.3847 0.0255)
(3.50 0.4372 0.0315)
(4.00 0.4918 0.0382)
(4.50 0.5432 0.0458)
(5.00 0.5906 0.0540)
(5.50 0.6338 0.0625)
(6.00 0.6702 0.0715)
(6.50 0.6976 0.0812)
(7.00 0.7177 0.0912)
(7.50 0.7327 0.1008)
(8.00 0.7446 0.1100)
(8.50 0.7548 0.1187)
(9.00 0.7644 0.1271)
(9.50 0.7742 0.1351)
(10.00 0.7844 0.1429)
(10.50 0.7663 0.1466)
(11.00 0.7507 0.1505)
(11.50 0.7373 0.1546)
(12.00 0.7256 0.1588)
(12.50 0.7156 0.1632)
(13.00 0.7070 0.1678)
(13.50 0.6996 0.1725)
(14.00 0.6933 0.1774)
(14.50 0.6880 0.1825)
(15.00 0.6836 0.1877)
(15.50 0.6799 0.1931)
(16.00 0.6770 0.1986)
(16.50 0.6746 0.2043)
(17.00 0.6728 0.2101)
(17.50 0.6714 0.2161)
(18.00 0.6705 0.2223)
(18.50 0.6700 0.2286)
(19.00 0.6698 0.2350)
(19.50 0.6700 0.2416)
(20.00 0.6704 0.2484)
(20.50 0.6710 0.2553)
(21.00 0.6719 0.2623)
(21.50 0.6730 0.2694)
(22.00 0.6742 0.2767)
(22.50 0.6755 0.2841)
(23.00 0.6770 0.2917)
(23.50 0.6786 0.2993)
(24.00 0.6803 0.3071)
(24.50 0.6820 0.3151)
(25.00 0.6838 0.3231)
(25.50 0.6857 0.3313)
(26.00 0.6875 0.3395)
(26.50 0.6894 0.3479)
(27.00 0.6913 0.3564)
(27.50 0.6932 0.3650)
(28.00 0.6951 0.3737)
(28.50 0.6969 0.3825)
(29.00 0.6988 0.3914)
(29.50 0.7005 0.4004)
(30.00 0.7023 0.4095)
(30.50 0.7039 0.4187)
(31.00 0.7056 0.4279)
(31.50 0.7071 0.4373)
(32.00 0.7086 0.4467)
(32.50 0.7100 0.4562)
(33.00 0.7113 0.4658)
(33.50 0.7125 0.4755)
(34.00 0.7136 0.4852)
(34.50 0.7146 0.4950)
(35.00 0.7155 0.5048)
(35.50 0.7163 0.5147)
(36.00 0.7170 0.5247)
(36.50 0.7176 0.5347)
(37.00 0.7180 0.5448)
(37.50 0.7184 0.5549)
(38.00 0.7186 0.5651)
(38.50 0.7186 0.5753)
(39.00 0.7186 0.5855)
(39.50 0.7184 0.5958)
(40.00 0.7181 0.6061)
(40.50 0.7176 0.6164)
(41.00 0.7170 0.6268)
(41.50 0.7162 0.6372)
(42.00 0.7153 0.6476)
(42.50 0.7143 0.6580)
(43.00 0.7131 0.6684)
(43.50 0.7118 0.6788)
(44.00 0.7103 0.6892)
(44.50 0.7086 0.6997)
(45.00 0.7068 0.7101)
(45.50 0.7049 0.7205)
(46.00 0.7027 0.7309)
(46.50 0.7005 0.7413)
(47.00 0.6980 0.7517)
(47.50 0.6955 0.7621)
(48.00 0.6927 0.7724)
(48.50 0.6898 0.7828)
(49.00 0.6867 0.7931)
(49.50 0.6835 0.8033)
(50.00 0.6801 0.8135)
(50.50 0.6766 0.8237)
(51.00 0.6729 0.8339)
(51.50 0.6690 0.8440)
(52.00 0.6650 0.8540)
(52.50 0.6608 0.8640)
(53.00 0.6565 0.8740)
(53.50 0.6520 0.8838)
(54.00 0.6473 0.8937)
(54.50 0.6425 0.9034)
(55.00 0.6375 0.9131)
(55.50 0.6324 0.9227)
(56.00 0.6271 0.9323)
(56.50 0.6216 0.9417)
(57.00 0.6160 0.9511)
(57.50 0.6103 0.9604)
(58.00 0.6044 0.9697)
(58.50 0.5983 0.9788)
(59.00 0.5921 0.9878)
(59.50 0.5857 0.9968)
(60.00 0.5792 1.0056)
(60.50 0.5726 1.0144)
(61.00 0.5658 1.0230)
(61.50 0.5589 1.0315)
(62.00 0.5518 1.0400)
(62.50 0.5446 1.0483)
(63.00 0.5372 1.0565)
(63.50 0.5297 1.0645)
(64.00 0.5221 1.0725)
(64.50 0.5143 1.0803)
(65.00 0.5065 1.0881)
(65.50 0.4984 1.0956)
(66.00 0.4903 1.1031)
(66.50 0.4820 1.1104)
(67.00 0.4736 1.1176)
(67.50 0.4651 1.1247)
(68.00 0.4565 1.1316)
(68.50 0.4477 1.1383)
(69.00 0.4389 1.1450)
(69.50 0.4299 1.1514)
(70.00 0.4208 1.1578)
(70.50 0.4116 1.1639)
(71.00 0.4023 1.1700)
(71.50 0.3929 1.1758)
(72.00 0.3834 1.1815)
(72.50 0.3739 1.1871)
(73.00 0.3642 1.1925)
(73.50 0.3544 1.1977)
(74.00 0.3445 1.2028)
(74.50 0.3346 1.2077)
(75.00 0.3245 1.2124)
(75.50 0.3144 1.2170)
(76.00 0.3042 1.2214)
(76.50 0.2940 1.2256)
(77.00 0.2836 1.2296)
(77.50 0.2732 1.2335)
(78.00 0.2628 1.2372)
(78.50 0.2522 1.2407)
(79.00 0.2416 1.2440)
(79.50 0.2310 1.2472)
(80.00 0.2203 1.2501)
(80.50 0.2095 1.2529)
(81.00 0.1987 1.2555)
(81.50 0.1879 1.2580)
(82.00 0.1770 1.2602)
(82.50 0.1661 1.2622)
(83.00 0.1551 1.2641)
(83.50 0.1442 1.2657)
(84.00 0.1331 1.2672)
(84.50 0.1221 1.2685)
(85.00 0.1110 1.2696)
(85.50 0.1000 1.2705)
(86.00 0.0889 1.2712)
(86.50 0.0778 1.2718)
(87.00 0.0667 1.2721)
(87.50 0.0555 1.2722)
(88.00 0.0444 1.2722)
(88.50 0.0333 1.2719)
(89.00 0.0222 1.2715)
(89.50 0.0111 1.2708)
(90.00 0.0000 1.2700)
(90.50 -0.0111 1.2690)
(91.00 -0.0221 1.2678)
(91.50 -0.0332 1.2663)
(92.00 -0.0442 1.2647)
(92.50 -0.0552 1.2630)
(93.00 -0.0661 1.2610)
(93.50 -0.0770 1.2588)
(94.00 -0.0879 1.2564)
(94.50 -0.0987 1.2538)
(95.00 -0.1095 1.2511)
(95.50 -0.1202 1.2482)
(96.00 -0.1309 1.2450)
(96.50 -0.1415 1.2417)
(97.00 -0.1521 1.2382)
(97.50 -0.1626 1.2345)
(98.00 -0.1730 1.2306)
(98.50 -0.1834 1.2266)
(99.00 -0.1937 1.2223)
(99.50 -0.2039 1.2179)
(100.00 -0.2141 1.2133)
(100.50 -0.2241 1.2085)
(101.00 -0.2341 1.2035)
(101.50 -0.2440 1.1983)
(102.00 -0.2538 1.1930)
(102.50 -0.2635 1.1875)
(103.00 -0.2731 1.1818)
(103.50 -0.2826 1.1760)
(104.00 -0.2920 1.1700)
(104.50 -0.3013 1.1638)
(105.00 -0.3105 1.1574)
(105.50 -0.3195 1.1509)
(106.00 -0.3285 1.1442)
(106.50 -0.3373 1.1374)
(107.00 -0.3460 1.1304)
(107.50 -0.3546 1.1232)
(108.00 -0.3630 1.1159)
(108.50 -0.3714 1.1084)
(109.00 -0.3796 1.1008)
(109.50 -0.3876 1.0930)
(110.00 -0.3955 1.0851)
(110.50 -0.4033 1.0770)
(111.00 -0.4109 1.0688)
(111.50 -0.4184 1.0605)
(112.00 -0.4257 1.0520)
(112.50 -0.4329 1.0434)
(113.00 -0.4399 1.0346)
(113.50 -0.4468 1.0257)
(114.00 -0.4535 1.0167)
(114.50 -0.4600 1.0075)
(115.00 -0.4664 0.9983)
(115.50 -0.4726 0.9889)
(116.00 -0.4787 0.9794)
(116.50 -0.4845 0.9698)
(117.00 -0.4902 0.9600)
(117.50 -0.4957 0.9502)
(118.00 -0.5011 0.9402)
(118.50 -0.5062 0.9302)
(119.00 -0.5112 0.9200)
(119.50 -0.5160 0.9097)
(120.00 -0.5206 0.8994)
(120.50 -0.5250 0.8889)
(121.00 -0.5292 0.8784)
(121.50 -0.5333 0.8678)
(122.00 -0.5371 0.8571)
(122.50 -0.5407 0.8463)
(123.00 -0.5442 0.8354)
(123.50 -0.5474 0.8245)
(124.00 -0.5505 0.8135)
(124.50 -0.5533 0.8024)
(125.00 -0.5559 0.7913)
(125.50 -0.5583 0.7801)
(126.00 -0.5606 0.7688)
(126.50 -0.5626 0.7575)
(127.00 -0.5643 0.7461)
(127.50 -0.5659 0.7347)
(128.00 -0.5673 0.7232)
(128.50 -0.5684 0.7117)
(129.00 -0.5694 0.7002)
(129.50 -0.5701 0.6886)
(130.00 -0.5706 0.6770)
(130.50 -0.5708 0.6654)
(131.00 -0.5709 0.6537)
(131.50 -0.5707 0.6420)
(132.00 -0.5703 0.6303)
(132.50 -0.5697 0.6186)
(133.00 -0.5689 0.6069)
(133.50 -0.5678 0.5951)
(134.00 -0.5665 0.5834)
(134.50 -0.5650 0.5716)
(135.00 -0.5632 0.5599)
(135.50 -0.5612 0.5482)
(136.00 -0.5590 0.5364)
(136.50 -0.5565 0.5247)
(137.00 -0.5538 0.5130)
(137.50 -0.5509 0.5013)
(138.00 -0.5477 0.4897)
(138.50 -0.5443 0.4781)
(139.00 -0.5406 0.4665)
(139.50 -0.5368 0.4549)
(140.00 -0.5326 0.4434)
(140.50 -0.5283 0.4319)
(141.00 -0.5237 0.4204)
(141.50 -0.5188 0.4090)
(142.00 -0.5137 0.3977)
(142.50 -0.5084 0.3864)
(143.00 -0.5028 0.3751)
(143.50 -0.4969 0.3640)
(144.00 -0.4908 0.3528)
(144.50 -0.4845 0.3418)
(145.00 -0.4779 0.3308)
(145.50 -0.4710 0.3199)
(146.00 -0.4639 0.3091)
(146.50 -0.4566 0.2983)
(147.00 -0.4489 0.2876)
(147.50 -0.4411 0.2771)
(148.00 -0.4329 0.2666)
(148.50 -0.4245 0.2561)
(149.00 -0.4158 0.2458)
(149.50 -0.4068 0.2356)
(150.00 -0.3976 0.2255)
(150.50 -0.3881 0.2155)
(151.00 -0.3783 0.2056)
(151.50 -0.3682 0.1958)
(152.00 -0.3578 0.1861)
(152.50 -0.3471 0.1766)
(153.00 -0.3361 0.1671)
(153.50 -0.3248 0.1578)
(154.00 -0.3132 0.1486)
(154.50 -0.3013 0.1395)
(155.00 -0.2891 0.1306)
(155.50 -0.2765 0.1217)
(156.00 -0.2635 0.1131)
(156.50 -0.2502 0.1045)
(157.00 -0.2365 0.0961)
(157.50 -0.2225 0.0879)
(158.00 -0.2080 0.0797)
(158.50 -0.1932 0.0718)
(159.00 -0.1779 0.0639)
(159.50 -0.1622 0.0563)
(160.00 -0.1460 0.0487)
(160.50 -0.1293 0.0414)
(161.00 -0.1121 0.0342)
(161.50 -0.0943 0.0271)
(162.00 -0.0760 0.0203)
(162.50 -0.0570 0.0135)
(163.00 -0.0374 0.0070)
(163.50 -0.0171 0.0006)
(164.00 0.0040 -0.0056)
(164.50 0.0258 -0.0117)
(165.00 0.0486 -0.0175)
(165.50 0.0723 -0.0232)
(166.00 0.0971 -0.0287)
(166.50 0.1230 -0.0341)
(167.00 0.1503 -0.0392)
(167.50 0.1789 -0.0442)
(168.00 0.2091 -0.0490)
(168.50 0.2410 -0.0536)
(169.00 0.2750 -0.0580)
(169.50 0.3112 -0.0623)
(170.00 0.3500 -0.0663)
(170.50 0.3918 -0.0702)
(171.00 0.4371 -0.0738)
(171.50 0.4864 -0.0773)
(172.00 0.5406 -0.0806)
(172.50 0.6005 -0.0837)
(173.00 0.6673 -0.0866)
(173.50 0.7428 -0.0893)
(174.00 0.8289 -0.0918)
(174.50 0.9287 -0.0941)
(175.00 1.0461 -0.0962)
(175.50 1.1871 -0.0981)
(176.00 1.3604 -0.0998)
(176.50 1.5800 -0.1013)
(177.00 1.8688 -0.1026)
(177.50 2.2685 -0.1037)
(178.00 2.8622 -0.1046)
(178.50 3.8438 -0.1053)
(179.00 5.7952 -0.1058)
(179.50 11.6259 -0.1061)
(180.00 11.6259 -0.1061)
